0 0.215625 0.3171875 0.07968750000000005 0.3171875 0.07968750000000005 0.328125 0.215625 0.328125
0 0.2109375 0.3328125 0.08437500000000005 0.3328125 0.08437500000000005 0.3484375 0.2109375 0.3484375
0 0.21250000000000005 0.3515625 0.08906250000000004 0.3515625 0.08906250000000004 0.3640625 0.21250000000000008 0.3640625
0 0.2093750000000001 0.3828125 0.08906250000000004 0.3828125 0.08906250000000004 0.3984375 0.2093750000000001 0.3984375
0 0.21093750000000008 0.36875 0.08750000000000005 0.36875 0.08750000000000005 0.378125 0.21093750000000008 0.378125
0 0.2078125000000001 0.428125 0.08593750000000004 0.428125 0.08593750000000004 0.4421875 0.2078125000000001 0.4421875
0 0.21093750000000008 0.459375 0.08750000000000006 0.459375 0.08750000000000006 0.4734375 0.21093750000000008 0.4734375
0 0.2093750000000001 0.44375 0.08437500000000005 0.44375 0.08437500000000006 0.4578125 0.2093750000000001 0.4578125
0 0.21093750000000008 0.478125 0.08750000000000006 0.478125 0.08750000000000006 0.49375 0.21093750000000008 0.49375
0 0.21250000000000008 0.4953125 0.08593750000000007 0.4953125 0.08593750000000007 0.5140625 0.21250000000000008 0.5140625
0 0.21093750000000008 0.5375 0.08437500000000006 0.5375 0.08437500000000006 0.55 0.21093750000000008 0.55
0 0.2093750000000001 0.5546875 0.08750000000000006 0.5546875 0.08750000000000006 0.5703125 0.2093750000000001 0.5703125
0 0.2093750000000001 0.571875 0.08750000000000006 0.571875 0.08750000000000006 0.5859375 0.2093750000000001 0.5859375
0 0.20468750000000008 0.590625 0.08593750000000007 0.590625 0.08593750000000007 0.603125 0.20468750000000008 0.603125
0 0.20468750000000008 0.60625 0.08750000000000006 0.60625 0.08750000000000006 0.6203125 0.20468750000000008 0.6203125
0 0.2062500000000001 0.6484375 0.08437500000000009 0.6484375 0.08437500000000009 0.6671875 0.2062500000000001 0.6671875
0 0.2062500000000001 0.696875 0.08437500000000009 0.696875 0.08437500000000009 0.7140625 0.2062500000000001 0.7140625
0 0.2078125000000001 0.68125 0.08593750000000008 0.68125 0.08593750000000008 0.6984375 0.2078125000000001 0.6984375
0 0.2078125000000001 0.6671875 0.08437500000000009 0.6671875 0.08437500000000009 0.6828125 0.2078125000000001 0.6828125
0 0.2062500000000001 0.7171875 0.0828125000000001 0.7171875 0.0828125000000001 0.734375 0.2062500000000001 0.734375
0 0.2062500000000001 0.7765625 0.08437500000000009 0.7765625 0.08437500000000009 0.7921875 0.2062500000000001 0.7921875
0 0.2062500000000001 0.7625 0.08437500000000009 0.7625 0.08437500000000009 0.775 0.2062500000000001 0.775
0 0.20312500000000008 0.809375 0.08437500000000009 0.809375 0.0843750000000001 0.825 0.20312500000000008 0.825
0 0.20312500000000008 0.7953125 0.08125000000000009 0.7953125 0.08125000000000009 0.809375 0.20312500000000008 0.809375
0 0.20468750000000008 0.8296875 0.08125000000000011 0.8296875 0.08125000000000011 0.846875 0.20468750000000008 0.846875
0 0.45 0.6640625 0.3296875000000001 0.6640625 0.3296875000000001 0.6828125 0.45 0.6828125
0 0.4515625 0.6484375 0.3234375000000001 0.6484375 0.3234375000000001 0.6625 0.4515625 0.6625
0 0.453125 0.684375 0.3234375000000001 0.684375 0.3234375000000001 0.696875 0.453125 0.696875
0 0.446875 0.7 0.3265625000000001 0.7 0.3265625000000001 0.7125 0.446875 0.7125
0 0.4468750000000001 0.715625 0.3281250000000001 0.715625 0.3281250000000001 0.7328125 0.4468750000000002 0.7328125
0 0.44843750000000016 0.759375 0.32500000000000007 0.759375 0.32500000000000007 0.7765625 0.44843750000000016 0.7765625
0 0.4500000000000002 0.778125 0.3265625000000001 0.778125 0.3265625000000001 0.7921875 0.4500000000000002 0.7921875
0 0.44843750000000016 0.7953125 0.3265625000000001 0.7953125 0.3265625000000001 0.809375 0.44843750000000016 0.809375
0 0.4500000000000002 0.8125 0.32500000000000007 0.8125 0.32500000000000007 0.825 0.4500000000000002 0.825
0 0.4515625000000002 0.828125 0.3234375000000001 0.828125 0.3234375000000001 0.8453125 0.4515625000000002 0.8453125
0 0.690625 0.6484375 0.565625 0.6484375 0.565625 0.6640625 0.690625 0.6640625
0 0.6921875 0.6671875 0.56875 0.6671875 0.56875 0.68125 0.6921875 0.68125
0 0.6890625 0.684375 0.5671875 0.684375 0.5671875 0.6984375 0.6890625 0.6984375
0 0.6890625 0.7015625 0.565625 0.7015625 0.565625 0.715625 0.6890625 0.715625
0 0.6921875000000001 0.71875 0.56875 0.71875 0.5687500000000001 0.734375 0.6921875000000002 0.734375
0 0.6906250000000002 0.7609375 0.5687500000000002 0.7609375 0.5687500000000002 0.775 0.6906250000000002 0.775
0 0.6906250000000002 0.778125 0.5687500000000002 0.778125 0.5687500000000002 0.7921875 0.6906250000000002 0.7921875
0 0.6890625000000001 0.7953125 0.5640625000000001 0.7953125 0.5640625000000001 0.8109375 0.6890625000000001 0.8109375
0 0.6906250000000002 0.8125 0.5671875000000002 0.8125 0.5671875000000002 0.8265625 0.6906250000000002 0.8265625
0 0.6906250000000002 0.8296875 0.5640625000000001 0.8296875 0.5640625000000001 0.84375 0.6906250000000002 0.84375
0 0.45625 0.5390625 0.3218750000000001 0.5390625 0.3218750000000001 0.5546875 0.45625 0.5546875
0 0.4515625 0.5578125 0.3265625000000001 0.5578125 0.3265625000000001 0.5703125 0.4515625 0.5703125
0 0.453125 0.575 0.3281250000000001 0.575 0.3281250000000001 0.5875 0.453125 0.5875
0 0.45 0.6046875 0.3281250000000001 0.6046875 0.3281250000000001 0.6234375 0.45 0.6234375
0 0.4515625 0.590625 0.32500000000000007 0.590625 0.32500000000000007 0.603125 0.4515625 0.603125
0 0.6875 0.5375 0.5671875 0.5375 0.5671875 0.553125 0.6875 0.553125
0 0.69375 0.571875 0.56875 0.571875 0.56875 0.5875 0.69375 0.5875
0 0.690625 0.55625 0.56875 0.55625 0.56875 0.56875 0.690625 0.56875
0 0.690625 0.60625 0.5671875 0.60625 0.5671875 0.6234375 0.690625 0.6234375
0 0.69375 0.5921875 0.5640625 0.5921875 0.5640625 0.6046875 0.69375 0.6046875
0 0.6921875 0.496875 0.56875 0.496875 0.56875 0.509375 0.6921875 0.509375
0 0.6828125 0.478125 0.56875 0.478125 0.56875 0.49375 0.6828125 0.49375
0 0.6890625 0.4296875 0.5703125 0.4296875 0.5703125 0.4421875 0.6890625 0.4421875
0 0.6953125 0.4453125 0.5703125 0.4453125 0.5703125 0.4578125 0.6953125 0.4578125
0 0.696875 0.4609375 0.571875 0.4609375 0.571875 0.475 0.696875 0.475
0 0.4515625 0.428125 0.3296875000000001 0.428125 0.3296875000000001 0.440625 0.4515625 0.440625
0 0.453125 0.44375 0.3312500000000001 0.44375 0.3312500000000001 0.459375 0.453125 0.459375
0 0.4484375 0.4765625 0.3296875000000001 0.4765625 0.3296875000000001 0.49375 0.4484375 0.49375
0 0.4515625 0.4625 0.3265625000000001 0.4625 0.3265625000000001 0.475 0.4515625 0.475
0 0.45625 0.4953125 0.3265625000000001 0.4953125 0.3265625000000001 0.5109375 0.45625 0.5109375
0 0.453125 0.31718750000000007 0.3296875 0.3171875 0.3296875 0.33125000000000004 0.453125 0.3312500000000001
0 0.453125 0.33437500000000003 0.3296875 0.334375 0.3296875 0.34687500000000004 0.453125 0.3468750000000001
0 0.4515625 0.35000000000000003 0.328125 0.35 0.32812500000000006 0.36406250000000007 0.4515625 0.36406250000000007
0 0.453125 0.36718750000000006 0.3312500000000001 0.3671875 0.3312500000000001 0.38125000000000003 0.453125 0.3812500000000001
0 0.4515625 0.384375 0.3281250000000001 0.384375 0.3281250000000001 0.4 0.4515625 0.4
0 0.69375 0.3156250000000001 0.5703125 0.3156250000000001 0.5703125 0.3312500000000001 0.69375 0.3312500000000001
0 0.69375 0.3343750000000001 0.56875 0.3343750000000001 0.56875 0.34843750000000007 0.69375 0.34843750000000007
0 0.6953125 0.3515625000000001 0.5734375 0.3515625000000001 0.5734375 0.36406250000000007 0.6953125 0.36406250000000007
0 0.690625 0.3656250000000001 0.5703125 0.3656250000000001 0.5703125 0.3828125000000001 0.690625 0.3828125000000001
0 0.69375 0.3843750000000001 0.56875 0.3843750000000001 0.56875 0.3968750000000001 0.69375 0.3968750000000001
0 0.9328125 0.31718750000000007 0.8109375 0.31718750000000007 0.8109375 0.3296875000000001 0.9328125 0.3296875000000001
0 0.93125 0.33281250000000007 0.8109375 0.33281250000000007 0.8109375 0.34843750000000007 0.93125 0.34843750000000007
0 0.934375 0.3500000000000001 0.8140625 0.3500000000000001 0.8140625 0.3656250000000001 0.934375 0.3656250000000001
0 0.9328125 0.3812500000000001 0.8140625 0.3812500000000001 0.8140625 0.4000000000000002 0.9328125 0.4000000000000002
0 0.9328125 0.3687500000000001 0.809375 0.3687500000000001 0.809375 0.37968750000000007 0.9328125 0.37968750000000007
0 0.934375 0.4265625000000002 0.809375 0.4265625000000002 0.809375 0.4421875000000002 0.934375 0.4421875000000002
0 0.9328125 0.44531250000000017 0.8109375 0.44531250000000017 0.8109375 0.4578125000000002 0.9328125 0.4578125000000002
0 0.934375 0.4625000000000002 0.809375 0.4625000000000002 0.809375 0.47656250000000017 0.934375 0.47656250000000017
0 0.9328125 0.47968750000000016 0.809375 0.47968750000000016 0.809375 0.49218750000000017 0.9328125 0.49218750000000017
0 0.9328125 0.49531250000000016 0.8109375 0.49531250000000016 0.8109375 0.5093750000000001 0.9328125 0.5093750000000001
0 0.9328125 0.5390625000000002 0.8078125 0.5390625000000002 0.8078125 0.5515625000000002 0.9328125 0.5515625000000002
0 0.93125 0.5546875000000002 0.80625 0.5546875000000002 0.80625 0.5687500000000002 0.93125 0.5687500000000002
0 0.93125 0.5718750000000001 0.8109375 0.5718750000000001 0.8109375 0.5859375000000002 0.93125 0.5859375000000002
0 0.93125 0.5890625000000002 0.809375 0.5890625000000002 0.809375 0.6031250000000001 0.93125 0.6031250000000001
0 0.9328125 0.6062500000000002 0.809375 0.6062500000000002 0.809375 0.6218750000000002 0.9328125 0.6218750000000002
0 0.9328125 0.6500000000000001 0.809375 0.6500000000000001 0.809375 0.6640625000000002 0.9328125 0.6640625000000002
0 0.9328125 0.6671875000000002 0.809375 0.6671875000000002 0.809375 0.6812500000000001 0.9328125 0.6812500000000001
0 0.93125 0.7000000000000002 0.809375 0.7000000000000002 0.809375 0.7140625000000002 0.93125 0.7140625000000002
0 0.93125 0.6843750000000002 0.809375 0.6843750000000002 0.809375 0.6968750000000001 0.93125 0.6968750000000001
0 0.93125 0.7171875000000002 0.809375 0.7171875000000002 0.809375 0.7328125000000002 0.93125 0.7328125000000002
0 0.9296875 0.7609375000000002 0.8078125 0.7609375000000002 0.8078125 0.7750000000000001 0.9296875 0.7750000000000001
0 0.9296875 0.7796875000000002 0.8078125 0.7796875000000002 0.8078125 0.7906250000000001 0.9296875 0.7906250000000001
0 0.9296875 0.7953125000000002 0.80625 0.7953125000000002 0.80625 0.8078125 0.9296875 0.8078125
0 0.9296875 0.8109375 0.80625 0.8109375 0.80625 0.8265625 0.9296875 0.8265625
0 0.9328125 0.8296875 0.8078125 0.8296875 0.8078125 0.84375 0.9328125 0.84375
0 0.928125 0.875 0.8109375 0.875 0.8109375 0.8859375 0.928125 0.8859375
0 0.9296875 0.890625 0.8046875 0.890625 0.8046875 0.903125 0.9296875 0.903125
0 0.928125 0.9078125 0.8078125 0.9078125 0.8078125 0.9203125 0.928125 0.9203125
0 0.9265625 0.9234375 0.809375 0.9234375 0.809375 0.9359375 0.9265625 0.9359375
0 0.928125 0.940625 0.8078125 0.940625 0.8078125 0.9546875 0.928125 0.9546875
0 0.2078125000000001 0.8875 0.08125000000000011 0.8875 0.08125000000000011 0.903125 0.2078125000000001 0.903125
0 0.20468750000000008 0.8734375 0.08281250000000011 0.8734375 0.08281250000000011 0.8859375 0.20468750000000008 0.8859375
0 0.2078125000000001 0.940625 0.08125000000000011 0.940625 0.08125000000000011 0.9546875 0.2078125000000001 0.9546875
0 0.2078125000000001 0.925 0.08281250000000011 0.925 0.08281250000000011 0.9359375 0.2078125000000001 0.9359375
0 0.2062500000000001 0.9078125 0.08437500000000012 0.9078125 0.08437500000000012 0.9203125 0.2062500000000001 0.9203125
0 0.4500000000000002 0.8890625 0.3187500000000001 0.8890625 0.3187500000000001 0.903125 0.4500000000000002 0.903125
0 0.4500000000000002 0.871875 0.3218750000000001 0.871875 0.3218750000000001 0.8859375 0.4500000000000002 0.8859375
0 0.4515625000000002 0.9234375 0.3218750000000001 0.9234375 0.3218750000000001 0.9390625 0.4515625000000002 0.9390625
0 0.4500000000000002 0.90625 0.3234375000000001 0.90625 0.3234375000000001 0.9203125 0.4500000000000002 0.9203125
0 0.4515625000000002 0.9421875 0.3234375000000001 0.9421875 0.3234375000000001 0.95625 0.4515625000000002 0.95625
0 0.6906250000000002 0.8875 0.5640625000000001 0.8875 0.5640625000000001 0.903125 0.6906250000000002 0.903125
0 0.6921875000000002 0.871875 0.5625000000000002 0.871875 0.5625000000000002 0.884375 0.6921875000000002 0.884375
0 0.6906250000000002 0.9234375 0.5625000000000002 0.9234375 0.5625000000000002 0.9375 0.6906250000000002 0.9375
0 0.6921875000000002 0.90625 0.5640625000000001 0.90625 0.5640625000000001 0.91875 0.6921875000000002 0.91875
0 0.6953125000000002 0.9421875 0.5609375000000002 0.9421875 0.5609375000000002 0.9546875 0.6953125000000002 0.9546875