4 0.22656250000000008 0.3828125 0.09843750000000004 0.3828125 0.09843750000000004 0.396875 0.22656250000000008 0.396875
0 0.22031250000000005 0.3609375 0.09062500000000004 0.3609375 0.09062500000000004 0.3765625 0.22031250000000008 0.3765625
4 0.2140625 0.3421875 0.07968750000000005 0.3421875 0.07968750000000005 0.3609375 0.2140625 0.3609375
1 0.21875 0.33125 0.08750000000000005 0.33125 0.08750000000000005 0.3453125 0.21875 0.3453125
2 0.21875 0.309375 0.08593750000000004 0.309375 0.08593750000000004 0.325 0.21875 0.325
2 0.22656250000000008 0.49375 0.09062500000000007 0.49375 0.09062500000000007 0.5109375 0.22656250000000008 0.5109375
3 0.2296875000000001 0.4734375 0.09218750000000006 0.4734375 0.09218750000000006 0.4890625 0.2296875000000001 0.4890625
1 0.2250000000000001 0.4578125 0.08750000000000006 0.4578125 0.08750000000000006 0.471875 0.2250000000000001 0.471875
0 0.2250000000000001 0.4390625 0.08750000000000005 0.4390625 0.08750000000000005 0.453125 0.2250000000000001 0.453125
3 0.2312500000000001 0.4203125 0.08750000000000005 0.4203125 0.08750000000000005 0.4359375 0.2312500000000001 0.4359375
0 0.2328125000000001 0.603125 0.09218750000000006 0.603125 0.09218750000000006 0.6171875 0.2328125000000001 0.6171875
3 0.23593750000000008 0.5828125 0.09062500000000007 0.5828125 0.09062500000000007 0.603125 0.23593750000000008 0.603125
1 0.22656250000000008 0.56875 0.09375000000000007 0.56875 0.09375000000000007 0.584375 0.22656250000000008 0.584375
2 0.22812500000000008 0.553125 0.08906250000000007 0.553125 0.08906250000000007 0.565625 0.22812500000000008 0.565625
4 0.2296875000000001 0.5328125 0.08750000000000006 0.5328125 0.08750000000000006 0.5484375 0.2296875000000001 0.5484375
2 0.2296875000000001 0.659375 0.0906250000000001 0.659375 0.0906250000000001 0.6796875 0.2296875000000001 0.6796875
0 0.2296875000000001 0.6390625 0.09218750000000009 0.6390625 0.09218750000000009 0.6609375 0.2296875000000001 0.6609375
2 0.24218750000000008 0.809375 0.09218750000000009 0.809375 0.0921875000000001 0.821875 0.24218750000000008 0.821875
1 0.2328125000000001 0.790625 0.08906250000000009 0.790625 0.08906250000000009 0.80625 0.2328125000000001 0.80625
3 0.2328125000000001 0.7765625 0.0906250000000001 0.7765625 0.0906250000000001 0.7921875 0.2328125000000001 0.7921875
2 0.2250000000000001 0.75625 0.0906250000000001 0.75625 0.0906250000000001 0.7703125 0.2250000000000001 0.7703125
1 0.2234375000000001 0.9046875 0.09375000000000011 0.9046875 0.09375000000000011 0.9171875 0.2234375000000001 0.9171875
2 0.22812500000000008 0.8859375 0.0953125000000001 0.8859375 0.0953125000000001 0.9 0.22812500000000008 0.9
4 0.2250000000000001 0.865625 0.09375000000000011 0.865625 0.09375000000000011 0.8828125 0.2250000000000001 0.8828125
4 0.22812500000000008 0.934375 0.09687500000000011 0.934375 0.09687500000000011 0.946875 0.22812500000000008 0.946875
4 0.4656250000000002 0.865625 0.3359375000000001 0.865625 0.3359375000000001 0.8796875 0.4656250000000002 0.8796875
1 0.4734375000000002 0.9359375 0.3359375000000001 0.9359375 0.3359375000000001 0.9484375 0.4734375000000002 0.9484375
3 0.4656250000000002 0.9203125 0.3343750000000001 0.9203125 0.3343750000000001 0.934375 0.4656250000000002 0.934375
2 0.4671875000000002 0.8984375 0.3375000000000001 0.8984375 0.3375000000000001 0.9171875 0.4671875000000002 0.9171875
0 0.7125000000000001 0.934375 0.5796875000000001 0.934375 0.5796875000000001 0.946875 0.7125000000000001 0.946875
2 0.7109375000000002 0.9171875 0.5765625000000002 0.9171875 0.5765625000000002 0.9296875 0.7109375000000002 0.9296875
4 0.7093750000000002 0.9015625 0.5812500000000002 0.9015625 0.5812500000000002 0.9125 0.7093750000000002 0.9125
1 0.7046875000000001 0.884375 0.5765625000000002 0.884375 0.5765625000000002 0.8984375 0.7046875000000001 0.8984375
2 0.7046875000000001 0.8671875 0.5750000000000002 0.8671875 0.5750000000000002 0.8796875 0.7046875000000001 0.8796875
4 0.9390625 0.9171875 0.821875 0.9171875 0.821875 0.9328125 0.9390625 0.9328125
1 0.9421875 0.8984375 0.8203125 0.8984375 0.8203125 0.9125 0.9421875 0.9125
3 0.9359375 0.8828125 0.81875 0.8828125 0.81875 0.896875 0.9359375 0.896875
4 0.940625 0.8234375 0.8140625 0.8234375 0.8140625 0.840625 0.940625 0.840625
3 0.9484375 0.8046875 0.8125 0.8046875 0.8125 0.8203125 0.9484375 0.8203125
2 0.9484375 0.7859375000000002 0.8203125 0.7859375000000002 0.8203125 0.8 0.9484375 0.8
4 0.9421875 0.7531250000000002 0.815625 0.7531250000000002 0.815625 0.7671875000000001 0.9421875 0.7671875000000001
4 0.7156250000000002 0.821875 0.5765625000000002 0.821875 0.5765625000000002 0.8390625 0.7156250000000002 0.8390625
2 0.7140625000000002 0.8046875 0.5718750000000001 0.8046875 0.5718750000000001 0.8203125 0.7140625000000002 0.8203125
2 0.7109375000000002 0.7875 0.5750000000000002 0.7875 0.5750000000000002 0.8046875 0.7109375000000002 0.8046875
1 0.7015625000000002 0.771875 0.5781250000000002 0.771875 0.5781250000000002 0.7890625 0.7015625000000002 0.7890625
4 0.7078125000000002 0.753125 0.5750000000000002 0.753125 0.5750000000000002 0.7703125 0.7078125000000002 0.7703125
3 0.4703125000000002 0.821875 0.33281250000000007 0.821875 0.33281250000000007 0.8390625 0.4703125000000002 0.8390625
1 0.46406250000000016 0.8046875 0.3343750000000001 0.8046875 0.3343750000000001 0.81875 0.46406250000000016 0.81875
2 0.4656250000000002 0.7875 0.3281250000000001 0.7875 0.3281250000000001 0.8 0.4656250000000002 0.8
0 0.4656250000000002 0.7734375 0.3359375000000001 0.7734375 0.3359375000000001 0.7859375 0.4656250000000002 0.7859375
4 0.46093750000000017 0.75625 0.3343750000000001 0.75625 0.3343750000000001 0.7703125 0.46093750000000017 0.7703125
1 0.4687500000000001 0.7140625 0.3281250000000001 0.7140625 0.3281250000000001 0.728125 0.46875000000000017 0.728125
3 0.465625 0.6953125 0.3375000000000001 0.6953125 0.3375000000000001 0.709375 0.465625 0.709375
0 0.4609375 0.68125 0.3343750000000001 0.68125 0.3343750000000001 0.690625 0.4609375 0.690625
1 0.4609375 0.659375 0.33281250000000007 0.659375 0.33281250000000007 0.6734375 0.4609375 0.6734375
4 0.46875 0.6453125 0.3421875000000001 0.6453125 0.3421875000000001 0.6546875 0.46875 0.6546875
4 0.7046875 0.659375 0.575 0.659375 0.575 0.678125 0.7046875 0.678125
1 0.7046875 0.6421875 0.575 0.6421875 0.575 0.6578125 0.7046875 0.6578125
2 0.7140625 0.7125 0.5765625 0.7125 0.5765625000000001 0.7296875 0.7140625000000002 0.7296875
1 0.7015625 0.6921875 0.575 0.6921875 0.575 0.709375 0.7015625 0.709375
2 0.9484375 0.7125000000000001 0.815625 0.7125000000000001 0.815625 0.7281250000000001 0.9484375 0.7281250000000001
3 0.9390625 0.6953125000000002 0.821875 0.6953125000000002 0.821875 0.7078125000000002 0.9390625 0.7078125000000002
3 0.9390625 0.6765625000000002 0.8171875 0.6765625000000002 0.8171875 0.6906250000000002 0.9390625 0.6906250000000002
3 0.94375 0.6625000000000002 0.81875 0.6625000000000002 0.81875 0.6718750000000002 0.94375 0.6718750000000002
4 0.7109375 0.6015625 0.5734375 0.6015625 0.5734375 0.6140625 0.7109375 0.6140625
2 0.4578125 0.603125 0.3359375000000001 0.603125 0.3359375000000001 0.6171875 0.4578125 0.6171875
0 0.4671875 0.584375 0.33281250000000007 0.584375 0.33281250000000007 0.596875 0.4671875 0.596875
4 0.4734375 0.5640625 0.33281250000000007 0.5640625 0.33281250000000007 0.578125 0.4734375 0.578125
4 0.4703125 0.5484375 0.3343750000000001 0.5484375 0.3343750000000001 0.5625 0.4703125 0.5625
2 0.7109375 0.5671875 0.571875 0.5671875 0.571875 0.58125 0.7109375 0.58125
1 0.7046875 0.5484375 0.5765625 0.5484375 0.5765625 0.5609375 0.7046875 0.5609375
4 0.7 0.53125 0.571875 0.53125 0.571875 0.546875 0.7 0.546875
4 0.9421875 0.5984375000000002 0.81875 0.5984375000000002 0.81875 0.6156250000000002 0.9421875 0.6156250000000002
1 0.940625 0.5828125000000002 0.815625 0.5828125000000002 0.815625 0.5968750000000002 0.940625 0.5968750000000002
2 0.940625 0.5671875000000002 0.8140625 0.5671875000000002 0.8140625 0.5812500000000002 0.940625 0.5812500000000002
4 0.940625 0.5468750000000002 0.8171875 0.5468750000000002 0.8171875 0.5640625000000001 0.940625 0.5640625000000001
2 0.4671875 0.3765625 0.32500000000000007 0.3765625 0.32500000000000007 0.39687500000000003 0.4671875 0.3968750000000001
4 0.465625 0.3609375 0.328125 0.3609375 0.32812500000000006 0.37812500000000004 0.465625 0.3781250000000001
1 0.4578125 0.34062500000000007 0.3265625 0.340625 0.3265625 0.35937500000000006 0.4578125 0.3593750000000001
4 0.45625 0.32656250000000003 0.3265625 0.3265625 0.3265625 0.34218750000000003 0.45625 0.3421875000000001
1 0.48125 0.453125 0.3265625000000001 0.453125 0.3265625000000001 0.471875 0.48125 0.471875
2 0.4671875 0.4390625 0.3296875000000001 0.4390625 0.3296875000000001 0.4515625 0.4671875 0.4515625
4 0.4703125 0.4234375 0.3296875000000001 0.4234375 0.3296875000000001 0.4375 0.4703125 0.4375
4 0.4640625 0.4859375 0.3343750000000001 0.4859375 0.3343750000000001 0.5078125 0.4640625 0.5078125
1 0.7 0.453125 0.5703125 0.453125 0.5703125 0.471875 0.7 0.471875
2 0.7125 0.4359375 0.5765625 0.4359375 0.5765625 0.4484375 0.7125 0.4484375
3 0.7015625 0.4171875 0.5734375 0.4171875 0.5734375 0.434375 0.7015625 0.434375
3 0.7046875 0.4859375 0.5765625 0.4859375 0.5765625 0.50625 0.7046875 0.50625
3 0.953125 0.4906250000000002 0.8140625 0.4906250000000002 0.8140625 0.5015625000000001 0.953125 0.5015625000000001
4 0.940625 0.4703125000000002 0.8171875 0.4703125000000002 0.8171875 0.48437500000000017 0.940625 0.48437500000000017
1 0.9390625 0.4359375000000002 0.8109375 0.4359375000000002 0.8109375 0.4515625000000002 0.9390625 0.4515625000000002
2 0.9375 0.4187500000000002 0.815625 0.4187500000000002 0.815625 0.4312500000000002 0.9375 0.4312500000000002
4 0.940625 0.3765625000000001 0.815625 0.3765625000000001 0.815625 0.3937500000000001 0.940625 0.3937500000000001
0 0.9359375 0.3593750000000001 0.8125 0.3593750000000001 0.8125 0.3734375000000001 0.9359375 0.3734375000000001
1 0.934375 0.3421875000000001 0.8046875 0.3421875000000001 0.8046875 0.35625000000000007 0.934375 0.35625000000000007
3 0.9390625 0.3265625000000001 0.815625 0.3265625000000001 0.815625 0.3375000000000001 0.9390625 0.3375000000000001
2 0.9390625 0.3109375000000001 0.8125 0.3109375000000001 0.8125 0.3234375000000001 0.9390625 0.3234375000000001
1 0.70625 0.3265625000000001 0.5734375 0.3265625000000001 0.5734375 0.34062500000000007 0.70625 0.34062500000000007
4 0.70625 0.3062500000000001 0.5734375 0.3062500000000001 0.5734375 0.32500000000000007 0.70625 0.32500000000000007
1 0.7203125 0.3781250000000001 0.5703125 0.3781250000000001 0.5703125 0.39531250000000007 0.7203125 0.39531250000000007
3 0.7 0.3609375000000001 0.5703125 0.3609375000000001 0.5703125 0.3765625000000001 0.7 0.3765625000000001