4 0.23437500000000008 0.3796875 0.08906250000000004 0.3796875 0.08906250000000004 0.39375 0.23437500000000008 0.39375
3 0.23125000000000004 0.3625 0.08906250000000004 0.3625 0.08906250000000004 0.3765625 0.2312500000000001 0.3765625
2 0.22656250000000006 0.3453125 0.09531250000000005 0.3453125 0.09531250000000005 0.3640625 0.22656250000000008 0.3640625
1 0.234375 0.328125 0.08437500000000005 0.328125 0.08437500000000005 0.340625 0.234375 0.340625
1 0.21875 0.3109375 0.08593750000000004 0.3109375 0.08593750000000004 0.325 0.21875 0.325
3 0.2390625000000001 0.490625 0.08593750000000007 0.490625 0.08593750000000007 0.50625 0.2390625000000001 0.50625
4 0.2234375000000001 0.471875 0.08750000000000006 0.471875 0.08750000000000006 0.4875 0.2234375000000001 0.4875
3 0.23593750000000008 0.4546875 0.08593750000000007 0.4546875 0.08593750000000007 0.4703125 0.23593750000000008 0.4703125
2 0.2312500000000001 0.4390625 0.09375000000000004 0.4390625 0.09375000000000006 0.4546875 0.2312500000000001 0.4546875
1 0.23437500000000008 0.4140625 0.09062500000000004 0.4140625 0.09062500000000004 0.4390625 0.23437500000000008 0.4390625
4 0.22812500000000008 0.603125 0.08593750000000007 0.603125 0.08593750000000007 0.6171875 0.22812500000000008 0.6171875
1 0.21875000000000008 0.584375 0.08593750000000007 0.584375 0.08593750000000007 0.596875 0.21875000000000008 0.596875
2 0.22031250000000008 0.5671875 0.09062500000000007 0.5671875 0.09062500000000007 0.5828125 0.22031250000000008 0.5828125
1 0.22031250000000008 0.5484375 0.09375000000000007 0.5484375 0.09375000000000007 0.5625 0.22031250000000008 0.5625
3 0.23437500000000008 0.5296875 0.09062500000000007 0.5296875 0.09062500000000007 0.5453125 0.23437500000000008 0.5453125
3 0.2250000000000001 0.7140625 0.09218750000000009 0.7140625 0.09218750000000009 0.7265625 0.2250000000000001 0.7265625
4 0.2234375000000001 0.69375 0.08593750000000008 0.69375 0.08593750000000008 0.7125 0.2234375000000001 0.7125
3 0.2312500000000001 0.6765625 0.09375000000000008 0.6765625 0.09375000000000008 0.6921875 0.2312500000000001 0.6921875
2 0.2250000000000001 0.659375 0.08750000000000009 0.659375 0.08750000000000009 0.675 0.2250000000000001 0.675
1 0.2218750000000001 0.64375 0.08906250000000009 0.64375 0.08906250000000009 0.6609375 0.2218750000000001 0.6609375
4 0.2390625000000001 0.825 0.09218750000000012 0.825 0.09218750000000012 0.8421875 0.2390625000000001 0.8421875
2 0.22656250000000008 0.80625 0.09375000000000008 0.80625 0.0937500000000001 0.8234375 0.22656250000000008 0.8234375
3 0.22656250000000008 0.7890625 0.0906250000000001 0.7890625 0.0906250000000001 0.8078125 0.22656250000000008 0.8078125
2 0.2328125000000001 0.7703125 0.0906250000000001 0.7703125 0.0906250000000001 0.784375 0.2328125000000001 0.784375
1 0.2312500000000001 0.7546875 0.0906250000000001 0.7546875 0.0906250000000001 0.771875 0.2312500000000001 0.771875
4 0.22812500000000008 0.9359375 0.09843750000000011 0.9359375 0.09843750000000011 0.953125 0.22812500000000008 0.953125
3 0.2218750000000001 0.9203125 0.0953125000000001 0.9203125 0.0953125000000001 0.93125 0.2218750000000001 0.93125
2 0.2234375000000001 0.903125 0.0953125000000001 0.903125 0.0953125000000001 0.9171875 0.2234375000000001 0.9171875
1 0.2234375000000001 0.8859375 0.09218750000000012 0.8859375 0.09218750000000012 0.896875 0.2234375000000001 0.896875
2 0.2453125000000001 0.8640625 0.09687500000000011 0.8640625 0.09687500000000011 0.8828125 0.2453125000000001 0.8828125
3 0.46406250000000016 0.825 0.3390625000000001 0.825 0.3390625000000001 0.8421875 0.46406250000000016 0.8421875
3 0.4734375000000002 0.80625 0.3343750000000001 0.80625 0.3343750000000001 0.8203125 0.4734375000000002 0.8203125
3 0.4656250000000002 0.790625 0.3312500000000001 0.790625 0.3312500000000001 0.8015625 0.4656250000000002 0.8015625
2 0.4578125000000002 0.771875 0.3312500000000001 0.771875 0.3312500000000001 0.7828125 0.4578125000000002 0.7828125
1 0.47187500000000016 0.7546875 0.33281250000000007 0.7546875 0.33281250000000007 0.7671875 0.47187500000000016 0.7671875
4 0.6984375000000002 0.821875 0.5718750000000001 0.821875 0.5718750000000001 0.8375 0.6984375000000002 0.8375
1 0.7187500000000002 0.8046875 0.5703125000000002 0.8046875 0.5703125000000002 0.81875 0.7187500000000002 0.81875
3 0.7078125000000002 0.7859375 0.5562500000000001 0.7859375 0.5562500000000001 0.7984375 0.7078125000000002 0.7984375
1 0.7234375000000002 0.771875 0.5734375000000002 0.771875 0.5734375000000002 0.7828125 0.7234375000000002 0.7828125
2 0.7062500000000002 0.7515625 0.5687500000000002 0.7515625 0.5687500000000002 0.7671875 0.7062500000000002 0.7671875
4 0.7109375000000001 0.7109375 0.5765625 0.7109375 0.5765625000000001 0.73125 0.7109375000000002 0.73125
3 0.94375 0.8203125 0.8171875 0.8203125 0.8171875 0.8359375 0.94375 0.8359375
2 0.9421875 0.8046875 0.8125 0.8046875 0.8125 0.815625 0.9421875 0.815625
1 0.9484375 0.7859375000000002 0.8125 0.7859375000000002 0.8125 0.8015625 0.9484375 0.8015625
2 0.934375 0.7718750000000002 0.8125 0.7718750000000002 0.8125 0.7859375000000002 0.934375 0.7859375000000002
4 0.9421875 0.7515625000000001 0.815625 0.7515625000000001 0.815625 0.7703125000000002 0.9421875 0.7703125000000002
4 0.9359375 0.7093750000000002 0.8171875 0.7093750000000002 0.8171875 0.7281250000000001 0.9359375 0.7281250000000001
3 0.9421875 0.6937500000000002 0.8125 0.6937500000000002 0.8125 0.7046875000000001 0.9421875 0.7046875000000001
3 0.9421875 0.6734375000000001 0.8140625 0.6734375000000001 0.8140625 0.6890625000000001 0.9421875 0.6890625000000001
1 0.9359375 0.6593750000000002 0.81875 0.6593750000000002 0.81875 0.6703125000000002 0.9359375 0.6703125000000002
1 0.940625 0.6406250000000002 0.8109375 0.6406250000000002 0.8109375 0.6546875000000002 0.940625 0.6546875000000002
1 0.7109375 0.6921875 0.5703125 0.6921875 0.5703125 0.70625 0.7109375 0.70625
3 0.7109375 0.675 0.5734375 0.675 0.5734375 0.690625 0.7109375 0.690625
1 0.7015625 0.6609375 0.5703125 0.6609375 0.5703125 0.671875 0.7015625 0.671875
2 0.7015625 0.6421875 0.578125 0.6421875 0.578125 0.6609375 0.7015625 0.6609375
3 0.4718750000000001 0.7125 0.3359375000000001 0.7125 0.3359375000000001 0.728125 0.47187500000000016 0.728125
1 0.465625 0.69375 0.3312500000000001 0.69375 0.3312500000000001 0.709375 0.465625 0.709375
2 0.459375 0.6765625 0.3218750000000001 0.6765625 0.3218750000000001 0.6859375 0.459375 0.6859375
3 0.4765625 0.6609375 0.33281250000000007 0.6609375 0.33281250000000007 0.6734375 0.4765625 0.6734375
2 0.4640625 0.6421875 0.33281250000000007 0.6421875 0.33281250000000007 0.65625 0.4640625 0.65625
1 0.475 0.6015625 0.3312500000000001 0.6015625 0.3312500000000001 0.615625 0.475 0.615625
2 0.4609375 0.58125 0.3359375000000001 0.58125 0.3359375000000001 0.5953125 0.4609375 0.5953125
3 0.4734375 0.5640625 0.3281250000000001 0.5640625 0.3281250000000001 0.5765625 0.4734375 0.5765625
2 0.4609375 0.55 0.3343750000000001 0.55 0.3343750000000001 0.5625 0.4609375 0.5625
1 0.459375 0.528125 0.32500000000000007 0.528125 0.32500000000000007 0.54375 0.459375 0.54375
2 0.725 0.6 0.5640625 0.6 0.5640625 0.6140625 0.725 0.6140625
1 0.70625 0.58125 0.5703125 0.58125 0.5703125 0.5953125 0.70625 0.5953125
3 0.7125 0.565625 0.5796875 0.565625 0.5796875 0.578125 0.7125 0.578125
3 0.7 0.55 0.571875 0.55 0.571875 0.5625 0.7 0.5625
1 0.696875 0.5328125 0.5734375 0.5328125 0.5734375 0.54375 0.696875 0.54375
2 0.9421875 0.5984375000000002 0.8125 0.5984375000000002 0.8125 0.6125000000000002 0.9421875 0.6125000000000002
2 0.9390625 0.5796875000000001 0.8078125 0.5796875000000001 0.8078125 0.5937500000000002 0.9390625 0.5937500000000002
1 0.94375 0.5640625000000001 0.8140625 0.5640625000000001 0.8140625 0.5781250000000002 0.94375 0.5781250000000002
1 0.9484375 0.5500000000000002 0.815625 0.5500000000000002 0.815625 0.5640625000000001 0.9484375 0.5640625000000001
1 0.940625 0.5296875000000002 0.80625 0.5296875000000002 0.80625 0.5437500000000002 0.940625 0.5437500000000002
1 0.9421875 0.48437500000000017 0.8140625 0.48437500000000017 0.8140625 0.5031250000000002 0.9421875 0.5031250000000002
2 0.9359375 0.4703125000000002 0.8109375 0.4703125000000002 0.8109375 0.4812500000000002 0.9359375 0.4812500000000002
1 0.9421875 0.45312500000000017 0.8046875 0.45312500000000017 0.8046875 0.4656250000000002 0.9421875 0.4656250000000002
0 0.940625 0.4359375000000002 0.8171875 0.4359375000000002 0.8171875 0.4468750000000002 0.940625 0.4468750000000002
0 0.9390625 0.4187500000000002 0.809375 0.4187500000000002 0.809375 0.4312500000000002 0.9390625 0.4312500000000002
4 0.70625 0.4890625 0.5765625 0.4890625 0.5765625 0.503125 0.70625 0.503125
3 0.4796875 0.4890625 0.33281250000000007 0.4890625 0.33281250000000007 0.4984375 0.4796875 0.4984375
2 0.4625 0.46875 0.3343750000000001 0.46875 0.3343750000000001 0.484375 0.4625 0.484375
1 0.453125 0.453125 0.34062500000000007 0.453125 0.34062500000000007 0.465625 0.453125 0.465625
1 0.4671875 0.4375 0.3312500000000001 0.4375 0.3312500000000001 0.45 0.4671875 0.45
4 0.45625 0.41875 0.3296875000000001 0.41875 0.3296875000000001 0.434375 0.45625 0.434375
2 0.7015625 0.4734375 0.5734375 0.4734375 0.5734375 0.4828125 0.7015625 0.4828125
3 0.7015625 0.45625 0.56875 0.45625 0.56875 0.465625 0.7015625 0.465625
2 0.70625 0.4375 0.5671875 0.4375 0.5671875 0.453125 0.70625 0.453125
4 0.7046875 0.41875 0.5703125 0.41875 0.5703125 0.4328125 0.7046875 0.4328125
3 0.9359375 0.3765625000000001 0.815625 0.3765625000000001 0.815625 0.3921875000000001 0.9359375 0.3921875000000001
1 0.9296875 0.3578125000000001 0.8140625 0.3578125000000001 0.8140625 0.3734375000000001 0.9296875 0.3734375000000001
1 0.9421875 0.3421875000000001 0.809375 0.3421875000000001 0.809375 0.3609375000000001 0.9421875 0.3609375000000001
3 0.928125 0.3234375000000001 0.815625 0.3234375000000001 0.815625 0.3390625000000001 0.928125 0.3390625000000001
2 0.9375 0.3078125000000001 0.8140625 0.3078125000000001 0.8140625 0.3234375000000001 0.9375 0.3234375000000001
1 0.7046875 0.3781250000000001 0.565625 0.3781250000000001 0.565625 0.3937500000000001 0.7046875 0.3937500000000001
1 0.6984375 0.3593750000000001 0.571875 0.3593750000000001 0.571875 0.37187500000000007 0.6984375 0.37187500000000007
3 0.7203125 0.3437500000000001 0.5796875 0.3437500000000001 0.5796875 0.3546875000000001 0.7203125 0.3546875000000001
3 0.7 0.3281250000000001 0.5765625 0.3281250000000001 0.5765625 0.3390625000000001 0.7 0.3390625000000001
3 0.7 0.30937500000000007 0.575 0.30937500000000007 0.575 0.3187500000000001 0.7 0.3187500000000001
4 0.4609375 0.37968750000000007 0.3296875000000001 0.3796875 0.3296875000000001 0.3921875 0.4609375 0.3921875000000001
3 0.4578125 0.36250000000000004 0.3296875 0.3625 0.3296875 0.37500000000000006 0.4578125 0.3750000000000001
2 0.4734375 0.34375000000000006 0.328125 0.34375 0.328125 0.35781250000000003 0.4734375 0.3578125000000001
1 0.4609375 0.32812500000000006 0.3328125 0.328125 0.3328125 0.33906250000000004 0.4609375 0.3390625000000001
0 0.4609375 0.31093750000000003 0.334375 0.3109375 0.334375 0.32343750000000004 0.4609375 0.3234375000000001
2 0.46406250000000016 0.93125 0.3390625000000001 0.93125 0.3390625000000001 0.946875 0.46406250000000016 0.946875
3 0.4671875000000002 0.9140625 0.3375000000000001 0.9140625 0.3375000000000001 0.9328125 0.4671875000000002 0.9328125
3 0.4671875000000002 0.9015625 0.34062500000000007 0.9015625 0.34062500000000007 0.91875 0.4671875000000002 0.91875
2 0.4593750000000002 0.8828125 0.3390625000000001 0.8828125 0.3390625000000001 0.896875 0.4593750000000002 0.896875
1 0.4671875000000002 0.865625 0.3375000000000001 0.865625 0.3375000000000001 0.8796875 0.4671875000000002 0.8796875
1 0.7078125000000002 0.9328125 0.5765625000000002 0.9328125 0.5765625000000002 0.946875 0.7078125000000002 0.946875
3 0.7078125000000002 0.9171875 0.5812500000000002 0.9171875 0.5812500000000002 0.9296875 0.7078125000000002 0.9296875
1 0.7140625000000002 0.9 0.5750000000000002 0.9 0.5750000000000002 0.9109375 0.7140625000000002 0.9109375
2 0.7046875000000001 0.8828125 0.5796875000000001 0.8828125 0.5796875000000001 0.896875 0.7046875000000001 0.896875
2 0.7078125000000002 0.8671875 0.5734375000000002 0.8671875 0.5734375000000002 0.8796875 0.7078125000000002 0.8796875
1 0.946875 0.93125 0.81875 0.93125 0.81875 0.9484375 0.946875 0.9484375
3 0.934375 0.9203125 0.8234375 0.9203125 0.8234375 0.9296875 0.934375 0.9296875
2 0.9390625 0.896875 0.8203125 0.896875 0.8203125 0.9140625 0.9390625 0.9140625
1 0.9359375 0.88125 0.8203125 0.88125 0.8203125 0.8921875 0.9359375 0.8921875
0 0.946875 0.859375 0.81875 0.859375 0.81875 0.875 0.946875 0.875