2 0.22343750000000004 0.3625 0.08125000000000004 0.3625 0.08125000000000004 0.378125 0.2234375000000001 0.378125
2 0.225 0.34375 0.08906250000000004 0.34375 0.08906250000000004 0.359375 0.225 0.359375
3 0.2234375000000001 0.4921875 0.09687500000000007 0.4921875 0.09687500000000007 0.5015625 0.2234375000000001 0.5015625
1 0.21875000000000008 0.4703125 0.08750000000000006 0.4703125 0.08750000000000006 0.490625 0.21875000000000008 0.490625
2 0.21875000000000008 0.4359375 0.08593750000000004 0.4359375 0.08593750000000006 0.4546875 0.21875000000000008 0.4546875
2 0.22031250000000008 0.5984375 0.09687500000000007 0.5984375 0.09687500000000007 0.615625 0.22031250000000008 0.615625
2 0.2140625000000001 0.58125 0.08750000000000006 0.58125 0.08750000000000006 0.596875 0.2140625000000001 0.596875
2 0.2171875000000001 0.565625 0.08437500000000006 0.565625 0.08437500000000006 0.5796875 0.2171875000000001 0.5796875
1 0.21875000000000008 0.6734375 0.08593750000000008 0.6734375 0.08593750000000008 0.690625 0.21875000000000008 0.690625
2 0.2171875000000001 0.6609375 0.08750000000000009 0.6609375 0.08750000000000009 0.675 0.2171875000000001 0.675
3 0.46875 0.5984375 0.3281250000000001 0.5984375 0.3281250000000001 0.615625 0.46875 0.615625
2 0.4625 0.58125 0.3312500000000001 0.58125 0.3312500000000001 0.596875 0.4625 0.596875
2 0.4609375 0.565625 0.32500000000000007 0.565625 0.32500000000000007 0.5828125 0.4609375 0.5828125
3 0.4625 0.490625 0.3390625000000001 0.490625 0.3390625000000001 0.503125 0.4625 0.503125
4 0.465625 0.45625 0.33281250000000007 0.45625 0.33281250000000007 0.46875 0.465625 0.46875
3 0.45625 0.4359375 0.3296875000000001 0.4359375 0.3296875000000001 0.453125 0.45625 0.453125
2 0.4546875 0.4203125 0.3281250000000001 0.4203125 0.3281250000000001 0.434375 0.4546875 0.434375
3 0.69375 0.3781250000000001 0.575 0.3781250000000001 0.575 0.3921875000000001 0.69375 0.3921875000000001
2 0.6859375 0.3609375000000001 0.575 0.3609375000000001 0.575 0.3734375000000001 0.6859375 0.3734375000000001
3 0.715625 0.4890625 0.5609375 0.4890625 0.5609375 0.4984375 0.715625 0.4984375
2 0.6953125 0.4703125 0.5734375 0.4703125 0.5734375 0.4890625 0.6953125 0.4890625
4 0.4718750000000001 0.7109375 0.3343750000000001 0.7109375 0.3343750000000001 0.73125 0.47187500000000016 0.73125
0 0.4609375 0.69375 0.33281250000000007 0.69375 0.33281250000000007 0.7109375 0.4609375 0.7109375
1 0.475 0.678125 0.3343750000000001 0.678125 0.3343750000000001 0.6921875 0.475 0.6921875
2 0.484375 0.6609375 0.3281250000000001 0.6609375 0.3281250000000001 0.6765625 0.484375 0.6765625
4 0.4656250000000002 0.8203125 0.3265625000000001 0.8203125 0.3265625000000001 0.834375 0.4656250000000002 0.834375
1 0.46875000000000017 0.8046875 0.3281250000000001 0.8046875 0.3281250000000001 0.81875 0.46875000000000017 0.81875
3 0.46875000000000017 0.7875 0.33281250000000007 0.7875 0.33281250000000007 0.8 0.46875000000000017 0.8
2 0.4625000000000002 0.7703125 0.3296875000000001 0.7703125 0.3296875000000001 0.7859375 0.4625000000000002 0.7859375
2 0.21875000000000008 0.771875 0.0906250000000001 0.771875 0.0906250000000001 0.7859375 0.21875000000000008 0.7859375
1 0.2390625000000001 0.9296875 0.09062500000000011 0.9296875 0.09062500000000011 0.9453125 0.2390625000000001 0.9453125
3 0.2218750000000001 0.9171875 0.08906250000000011 0.9171875 0.08906250000000011 0.9296875 0.2218750000000001 0.9296875
2 0.2140625000000001 0.896875 0.09062500000000011 0.896875 0.09062500000000011 0.9125 0.2140625000000001 0.9125
2 0.21093750000000008 0.8828125 0.0875000000000001 0.8828125 0.0875000000000001 0.896875 0.21093750000000008 0.896875
3 0.6968750000000001 0.9171875 0.5781250000000002 0.9171875 0.5781250000000002 0.9296875 0.6968750000000001 0.9296875
2 0.6984375000000002 0.8984375 0.5750000000000002 0.8984375 0.5750000000000002 0.915625 0.6984375000000002 0.915625
3 0.9359375 0.9328125 0.821875 0.9328125 0.821875 0.9484375 0.9359375 0.9484375
2 0.9375 0.9171875 0.8171875 0.9171875 0.8171875 0.9328125 0.9375 0.9328125
1 0.95 0.809375 0.8125 0.809375 0.8125 0.821875 0.95 0.821875
2 0.9359375 0.7890625000000002 0.81875 0.7890625000000002 0.81875 0.803125 0.9359375 0.803125
2 0.94375 0.6953125000000002 0.8203125 0.6953125000000002 0.8203125 0.7109375000000002 0.94375 0.7109375000000002
2 0.9328125 0.3781250000000001 0.8125 0.3781250000000001 0.8125 0.3906250000000001 0.9328125 0.3906250000000001
1 0.928125 0.3593750000000001 0.8171875 0.3593750000000001 0.8171875 0.3703125000000001 0.928125 0.3703125000000001
3 0.928125 0.3453125000000001 0.8125 0.3453125000000001 0.8125 0.3593750000000001 0.928125 0.3593750000000001
2 0.940625 0.3265625000000001 0.8125 0.3265625000000001 0.8125 0.34062500000000007 0.940625 0.34062500000000007
1 0.4578125 0.3375 0.334375 0.3375 0.334375 0.36250000000000004 0.4578125 0.3625000000000001
1 0.6984375 0.4515625 0.5828125 0.4515625 0.5828125 0.465625 0.6984375 0.465625
1 0.6984375 0.4359375 0.575 0.4359375 0.575 0.45 0.6984375 0.45
1 0.4609375 0.4703125 0.3296875000000001 0.4703125 0.3296875000000001 0.4875 0.4609375 0.4875
1 0.21875000000000008 0.55 0.08750000000000006 0.55 0.08750000000000006 0.5640625 0.21875000000000008 0.5640625
3 0.7046875 0.6015625 0.575 0.6015625 0.575 0.6140625 0.7046875 0.6140625
3 0.7078125 0.56875 0.5640625 0.56875 0.5640625 0.58125 0.7078125 0.58125
1 0.7015625 0.5484375 0.56875 0.5484375 0.56875 0.5640625 0.7015625 0.5640625
1 0.6953125 0.584375 0.5671875 0.584375 0.5671875 0.6 0.6953125 0.6
1 0.94375 0.5500000000000002 0.8109375 0.5500000000000002 0.8109375 0.5656250000000002 0.94375 0.5656250000000002
1 0.9421875 0.3078125000000001 0.8125 0.3078125000000001 0.8125 0.3218750000000001 0.9421875 0.3218750000000001
1 0.934375 0.6781250000000002 0.8046875 0.6781250000000002 0.8046875 0.6890625000000001 0.934375 0.6890625000000001
1 0.9390625 0.6578125000000001 0.815625 0.6578125000000001 0.815625 0.6765625000000002 0.9390625 0.6765625000000002
1 0.7015625 0.678125 0.5734375 0.678125 0.5734375 0.69375 0.7015625 0.69375
1 0.9390625 0.7718750000000002 0.8109375 0.7718750000000002 0.8109375 0.7843750000000002 0.9390625 0.7843750000000002
1 0.4578125000000002 0.915625 0.33281250000000007 0.915625 0.33281250000000007 0.9328125 0.4578125000000002 0.9328125
1 0.7031250000000002 0.88125 0.5734375000000002 0.88125 0.5734375000000002 0.8953125 0.7031250000000002 0.8953125
1 0.9359375 0.8984375 0.8125 0.8984375 0.8125 0.9125 0.9359375 0.9125
3 0.6968750000000001 0.8015625 0.5734375000000002 0.8015625 0.5734375000000002 0.821875 0.6968750000000001 0.821875
3 0.4640625 0.33125000000000004 0.334375 0.33125 0.334375 0.34218750000000003 0.4640625 0.3421875000000001
4 0.465625 0.5453125 0.3265625000000001 0.5453125 0.3265625000000001 0.5625 0.465625 0.5625
3 0.4609375 0.6421875 0.3343750000000001 0.6421875 0.3343750000000001 0.65625 0.4609375 0.65625
0 0.4750000000000002 0.7546875 0.3296875000000001 0.7546875 0.3296875000000001 0.7671875 0.4750000000000002 0.7671875
0 0.4671875000000002 0.8625 0.3281250000000001 0.8625 0.3281250000000001 0.884375 0.4671875000000002 0.884375
2 0.7109375000000002 0.7484375 0.5640625000000001 0.7484375 0.5640625000000001 0.7734375 0.7109375000000002 0.7734375
3 0.703125 0.6609375 0.571875 0.6609375 0.571875 0.671875 0.703125 0.671875
0 0.6984375 0.3453125000000001 0.56875 0.3453125000000001 0.56875 0.35625000000000007 0.6984375 0.35625000000000007
3 0.69375 0.3281250000000001 0.5734375 0.3281250000000001 0.5734375 0.3421875000000001 0.69375 0.3421875000000001
1 0.70625 0.3062500000000001 0.571875 0.3062500000000001 0.571875 0.3203125000000001 0.70625 0.3203125000000001
1 0.2234375000000001 0.7125 0.08125000000000009 0.7125 0.08125000000000009 0.7234375 0.2234375000000001 0.7234375
0 0.2250000000000001 0.81875 0.09062500000000011 0.81875 0.09062500000000011 0.8359375 0.2250000000000001 0.8359375
0 0.2250000000000001 0.753125 0.08125000000000009 0.753125 0.08125000000000009 0.765625 0.2250000000000001 0.765625