2 0.2203125 0.3265625 0.08281250000000004 0.3265625 0.08281250000000004 0.3421875 0.2203125 0.3421875
1 0.2203125 0.3125 0.08281250000000004 0.3125 0.08281250000000004 0.325 0.2203125 0.325
3 0.2468750000000001 0.3796875 0.07500000000000004 0.3796875 0.07500000000000004 0.396875 0.2468750000000001 0.396875
2 0.22812500000000008 0.365625 0.08437500000000005 0.365625 0.08437500000000005 0.3796875 0.22812500000000008 0.3796875
2 0.2375000000000001 0.4921875 0.08906250000000007 0.4921875 0.08906250000000007 0.5109375 0.2375000000000001 0.5109375
3 0.2375000000000001 0.4734375 0.08593750000000007 0.4734375 0.08593750000000007 0.4921875 0.2375000000000001 0.4921875
1 0.2484375000000001 0.459375 0.08593750000000007 0.459375 0.08593750000000007 0.471875 0.2484375000000001 0.471875
2 0.22031250000000008 0.440625 0.08125000000000004 0.440625 0.08125000000000006 0.459375 0.22031250000000008 0.459375
4 0.2375000000000001 0.41875 0.07968750000000005 0.41875 0.07968750000000005 0.4390625 0.2375000000000001 0.4390625
4 0.2453125000000001 0.6046875 0.08750000000000006 0.6046875 0.08750000000000006 0.6234375 0.2453125000000001 0.6234375
1 0.22812500000000008 0.5859375 0.08593750000000007 0.5859375 0.08593750000000007 0.5984375 0.22812500000000008 0.5984375
2 0.2328125000000001 0.56875 0.09375000000000007 0.56875 0.09375000000000007 0.5796875 0.2328125000000001 0.5796875
3 0.2312500000000001 0.5484375 0.08906250000000007 0.5484375 0.08906250000000007 0.56875 0.2312500000000001 0.56875
1 0.2250000000000001 0.5359375 0.09062500000000007 0.5359375 0.09062500000000007 0.55 0.2250000000000001 0.55
4 0.23437500000000008 0.7140625 0.09375000000000008 0.7140625 0.09375000000000008 0.7328125 0.23437500000000008 0.7328125
1 0.2375000000000001 0.69375 0.08750000000000009 0.69375 0.08750000000000009 0.7109375 0.2375000000000001 0.7109375
3 0.2250000000000001 0.6640625 0.09218750000000009 0.6640625 0.09218750000000009 0.6765625 0.2250000000000001 0.6765625
2 0.2250000000000001 0.64375 0.08906250000000009 0.64375 0.08906250000000009 0.659375 0.2250000000000001 0.659375
3 0.2296875000000001 0.821875 0.09218750000000012 0.821875 0.09218750000000012 0.840625 0.2296875000000001 0.840625
1 0.2250000000000001 0.80625 0.09218750000000009 0.80625 0.0921875000000001 0.8234375 0.2250000000000001 0.8234375
3 0.2375000000000001 0.7890625 0.09218750000000009 0.7890625 0.09218750000000009 0.8109375 0.2375000000000001 0.8109375
1 0.22656250000000008 0.7734375 0.0828125000000001 0.7734375 0.0828125000000001 0.7875 0.22656250000000008 0.7875
3 0.21875000000000008 0.7546875 0.08593750000000008 0.7546875 0.08593750000000008 0.7734375 0.21875000000000008 0.7734375
4 0.2296875000000001 0.934375 0.09843750000000011 0.934375 0.09843750000000011 0.9453125 0.2296875000000001 0.9453125
1 0.22812500000000008 0.91875 0.09218750000000012 0.91875 0.09218750000000012 0.934375 0.22812500000000008 0.934375
3 0.2328125000000001 0.9015625 0.08906250000000011 0.9015625 0.08906250000000011 0.9203125 0.2328125000000001 0.9203125
1 0.22656250000000008 0.8828125 0.09218750000000012 0.8828125 0.09218750000000012 0.9 0.22656250000000008 0.9
2 0.2250000000000001 0.8640625 0.09062500000000011 0.8640625 0.09062500000000011 0.8828125 0.2250000000000001 0.8828125
2 0.47187500000000016 0.884375 0.3375000000000001 0.884375 0.3375000000000001 0.903125 0.47187500000000016 0.903125
2 0.4625000000000002 0.86875 0.32500000000000007 0.86875 0.32500000000000007 0.8828125 0.4625000000000002 0.8828125
2 0.4625000000000002 0.825 0.3390625000000001 0.825 0.3390625000000001 0.8390625 0.4625000000000002 0.8390625
2 0.4625000000000002 0.80625 0.3359375000000001 0.80625 0.3359375000000001 0.81875 0.4625000000000002 0.81875
4 0.4625000000000002 0.771875 0.3343750000000001 0.771875 0.3343750000000001 0.7859375 0.4625000000000002 0.7859375
3 0.4640625000000001 0.7109375 0.3156250000000001 0.7109375 0.3156250000000001 0.7296875 0.46406250000000016 0.7296875
1 0.4640625 0.6953125 0.3281250000000001 0.6953125 0.3281250000000001 0.7046875 0.4640625 0.7046875
2 0.4546875 0.6015625 0.33281250000000007 0.6015625 0.33281250000000007 0.6328125 0.4546875 0.6328125
3 0.4515625 0.5296875 0.3281250000000001 0.5296875 0.3281250000000001 0.5484375 0.4515625 0.5484375
1 0.4515625 0.4921875 0.3281250000000001 0.4921875 0.3281250000000001 0.503125 0.4515625 0.503125
2 0.690625 0.4890625 0.56875 0.4890625 0.56875 0.50625 0.690625 0.50625
2 0.69375 0.53125 0.56875 0.53125 0.56875 0.546875 0.69375 0.546875
1 0.7078125 0.6 0.5640625 0.6 0.5640625 0.61875 0.7078125 0.61875
3 0.71875 0.678125 0.5703125 0.678125 0.5703125 0.690625 0.71875 0.690625
2 0.70625 0.64375 0.56875 0.64375 0.56875 0.6609375 0.70625 0.6609375
3 0.7015625000000002 0.7515625 0.5500000000000002 0.7515625 0.5500000000000002 0.7671875 0.7015625000000002 0.7671875
3 0.7000000000000002 0.7859375 0.5781250000000002 0.7859375 0.5781250000000002 0.8046875 0.7000000000000002 0.8046875
2 0.6968750000000001 0.9328125 0.5734375000000002 0.9328125 0.5734375000000002 0.95 0.6968750000000001 0.95
2 0.7000000000000002 0.896875 0.5687500000000002 0.896875 0.5687500000000002 0.9125 0.7000000000000002 0.9125
1 0.7171875000000002 0.8640625 0.5750000000000002 0.8640625 0.5750000000000002 0.8796875 0.7171875000000002 0.8796875
2 0.940625 0.8609375 0.81875 0.8609375 0.81875 0.8828125 0.940625 0.8828125
2 0.94375 0.9 0.821875 0.9 0.821875 0.9125 0.94375 0.9125
3 0.9421875 0.8046875 0.8140625 0.8046875 0.8140625 0.8203125 0.9421875 0.8203125
3 0.9359375 0.6937500000000002 0.821875 0.6937500000000002 0.821875 0.7078125000000002 0.9359375 0.7078125000000002
3 0.93125 0.5843750000000002 0.8140625 0.5843750000000002 0.8140625 0.6000000000000002 0.93125 0.6000000000000002
3 0.9484375 0.4890625000000002 0.8171875 0.4890625000000002 0.8171875 0.5093750000000001 0.9484375 0.5093750000000001
3 0.6921875 0.4734375 0.578125 0.4734375 0.578125 0.4828125 0.6921875 0.4828125
3 0.7046875 0.3421875000000001 0.571875 0.3421875000000001 0.571875 0.3515625000000001 0.7046875 0.3515625000000001
3 0.709375 0.37968750000000007 0.575 0.37968750000000007 0.575 0.3984375000000001 0.709375 0.3984375000000001
3 0.9359375 0.3593750000000001 0.8140625 0.3593750000000001 0.8140625 0.3734375000000001 0.9359375 0.3734375000000001
3 0.9359375 0.3281250000000001 0.8078125 0.3281250000000001 0.8078125 0.3421875000000001 0.9359375 0.3421875000000001
3 0.9453125 0.47187500000000016 0.8140625 0.47187500000000016 0.8140625 0.4859375000000002 0.9453125 0.4859375000000002
3 0.9328125 0.44062500000000016 0.8203125 0.44062500000000016 0.8203125 0.4515625000000002 0.9328125 0.4515625000000002
3 0.940625 0.6609375000000002 0.81875 0.6609375000000002 0.81875 0.6718750000000002 0.940625 0.6718750000000002
1 0.45625 0.4578125 0.3281250000000001 0.4578125 0.3281250000000001 0.4734375 0.45625 0.4734375
1 0.453125 0.36562500000000003 0.34062500000000007 0.365625 0.34062500000000007 0.3765625 0.453125 0.3765625000000001
1 0.71875 0.45625 0.565625 0.45625 0.565625 0.4703125 0.71875 0.4703125
1 0.928125 0.5500000000000002 0.8171875 0.5500000000000002 0.8171875 0.5625000000000002 0.928125 0.5625000000000002