4 0.4578125 0.36250000000000004 0.3234375 0.3625 0.32343750000000004 0.37343750000000003 0.4578125 0.3734375000000001
1 0.45625 0.34375000000000006 0.3265625 0.34375 0.3265625 0.36250000000000004 0.45625 0.3625000000000001
1 0.45625 0.37812500000000004 0.3281250000000001 0.378125 0.3281250000000001 0.39687500000000003 0.45625 0.3968750000000001
4 0.22031250000000008 0.3796875 0.08750000000000005 0.3796875 0.08750000000000005 0.3953125 0.22031250000000008 0.3953125
1 0.22187500000000004 0.3625 0.08593750000000004 0.3625 0.08593750000000004 0.3765625 0.2218750000000001 0.3765625
3 0.2203125 0.3453125 0.08593750000000004 0.3453125 0.08593750000000004 0.3609375 0.2203125 0.3609375
4 0.2234375 0.328125 0.08593750000000004 0.328125 0.08593750000000004 0.346875 0.2234375 0.346875
2 0.225 0.3140625 0.08437500000000005 0.3140625 0.08437500000000005 0.328125 0.225 0.328125
3 0.2218750000000001 0.490625 0.08906250000000007 0.490625 0.08906250000000007 0.5046875 0.2218750000000001 0.5046875
1 0.2171875000000001 0.475 0.08906250000000007 0.475 0.08906250000000007 0.4890625 0.2171875000000001 0.4890625
3 0.21875000000000008 0.4578125 0.08750000000000006 0.4578125 0.08750000000000006 0.4734375 0.21875000000000008 0.4734375
3 0.2140625000000001 0.4375 0.08906250000000004 0.4375 0.08906250000000006 0.4546875 0.2140625000000001 0.4546875
1 0.22031250000000008 0.421875 0.08750000000000005 0.421875 0.08750000000000005 0.4359375 0.22031250000000008 0.4359375
2 0.2250000000000001 0.6015625 0.08906250000000007 0.6015625 0.08906250000000007 0.6171875 0.2250000000000001 0.6171875
1 0.2218750000000001 0.584375 0.08906250000000007 0.584375 0.08906250000000007 0.5984375 0.2218750000000001 0.5984375
3 0.2234375000000001 0.5671875 0.08906250000000007 0.5671875 0.08906250000000007 0.58125 0.2234375000000001 0.58125
1 0.2234375000000001 0.55 0.08750000000000006 0.55 0.08750000000000006 0.5671875 0.2234375000000001 0.5671875
4 0.2234375000000001 0.5328125 0.08437500000000006 0.5328125 0.08437500000000006 0.55 0.2234375000000001 0.55
2 0.22812500000000008 0.7125 0.08906250000000009 0.7125 0.08906250000000009 0.7296875 0.22812500000000008 0.7296875
4 0.2250000000000001 0.6953125 0.08593750000000008 0.6953125 0.08593750000000008 0.709375 0.2250000000000001 0.709375
2 0.22656250000000008 0.6796875 0.08906250000000009 0.6796875 0.08906250000000009 0.6953125 0.22656250000000008 0.6953125
3 0.22031250000000008 0.6625 0.08906250000000009 0.6625 0.08906250000000009 0.675 0.22031250000000008 0.675
1 0.22656250000000008 0.6453125 0.08593750000000008 0.6453125 0.08593750000000008 0.6578125 0.22656250000000008 0.6578125
3 0.2234375000000001 0.825 0.0953125000000001 0.825 0.0953125000000001 0.8390625 0.2234375000000001 0.8390625
0 0.2234375000000001 0.80625 0.0906250000000001 0.80625 0.0906250000000001 0.821875 0.2234375000000001 0.821875
1 0.21875000000000008 0.790625 0.09218750000000009 0.790625 0.09218750000000009 0.8046875 0.21875000000000008 0.8046875
0 0.21875000000000008 0.7734375 0.08906250000000009 0.7734375 0.08906250000000009 0.7890625 0.21875000000000008 0.7890625
2 0.2218750000000001 0.75625 0.0906250000000001 0.75625 0.0906250000000001 0.771875 0.2218750000000001 0.771875
4 0.2296875000000001 0.934375 0.09375000000000011 0.934375 0.09375000000000011 0.9484375 0.2296875000000001 0.9484375
3 0.2234375000000001 0.9171875 0.0953125000000001 0.9171875 0.0953125000000001 0.93125 0.2234375000000001 0.93125
1 0.21875000000000008 0.9015625 0.09375000000000011 0.9015625 0.09375000000000011 0.9171875 0.21875000000000008 0.9171875
3 0.2250000000000001 0.884375 0.09062500000000011 0.884375 0.09062500000000011 0.9 0.2250000000000001 0.9
1 0.22031250000000008 0.8640625 0.09062500000000011 0.8640625 0.09062500000000011 0.88125 0.22031250000000008 0.88125
3 0.47656250000000017 0.9328125 0.3312500000000001 0.9328125 0.3312500000000001 0.9484375 0.47656250000000017 0.9484375
1 0.46406250000000016 0.9171875 0.3296875000000001 0.9171875 0.3296875000000001 0.93125 0.46406250000000016 0.93125
3 0.4656250000000002 0.9 0.3312500000000001 0.9 0.3312500000000001 0.915625 0.4656250000000002 0.915625
2 0.4656250000000002 0.8828125 0.3359375000000001 0.8828125 0.3359375000000001 0.8984375 0.4656250000000002 0.8984375
0 0.4593750000000002 0.8671875 0.3359375000000001 0.8671875 0.3359375000000001 0.8796875 0.4593750000000002 0.8796875
4 0.4625000000000002 0.8234375 0.3296875000000001 0.8234375 0.3296875000000001 0.8359375 0.4625000000000002 0.8359375
0 0.4593750000000002 0.80625 0.3312500000000001 0.80625 0.3312500000000001 0.81875 0.4593750000000002 0.81875
2 0.4625000000000002 0.7890625 0.33281250000000007 0.7890625 0.33281250000000007 0.803125 0.4625000000000002 0.803125
3 0.46406250000000016 0.7703125 0.33281250000000007 0.7703125 0.33281250000000007 0.784375 0.46406250000000016 0.784375
1 0.46406250000000016 0.7546875 0.3296875000000001 0.7546875 0.3296875000000001 0.7703125 0.46406250000000016 0.7703125
3 0.4625 0.7125 0.3296875000000001 0.7125 0.3296875000000001 0.725 0.4625 0.725
1 0.465625 0.6953125 0.3281250000000001 0.6953125 0.3281250000000001 0.7078125 0.465625 0.7078125
3 0.4609375 0.675 0.32500000000000007 0.675 0.32500000000000007 0.69375 0.4609375 0.69375
2 0.4625 0.659375 0.3296875000000001 0.659375 0.3296875000000001 0.671875 0.4625 0.671875
4 0.459375 0.6453125 0.3296875000000001 0.6453125 0.3296875000000001 0.65625 0.459375 0.65625
4 0.4578125 0.6015625 0.3296875000000001 0.6015625 0.3296875000000001 0.6140625 0.4578125 0.6140625
1 0.459375 0.584375 0.33281250000000007 0.584375 0.33281250000000007 0.5984375 0.459375 0.5984375
2 0.459375 0.5484375 0.3296875000000001 0.5484375 0.3296875000000001 0.5640625 0.459375 0.5640625
1 0.459375 0.5328125 0.3296875000000001 0.5328125 0.3296875000000001 0.5453125 0.459375 0.5453125
3 0.4546875 0.4890625 0.3281250000000001 0.4890625 0.3281250000000001 0.50625 0.4546875 0.50625
1 0.459375 0.471875 0.3265625000000001 0.471875 0.3265625000000001 0.4828125 0.459375 0.4828125
2 0.4578125 0.45625 0.3312500000000001 0.45625 0.3312500000000001 0.471875 0.4578125 0.471875
3 0.4640625 0.4375 0.3296875000000001 0.4375 0.3296875000000001 0.453125 0.4640625 0.453125
2 0.45625 0.3296875 0.328125 0.3296875 0.328125 0.34218750000000003 0.45625 0.3421875000000001
0 0.4515625 0.30781250000000004 0.3296875 0.3078125 0.3296875 0.3296875 0.4515625 0.3296875000000001
1 0.703125 0.3750000000000001 0.5640625 0.3750000000000001 0.5640625 0.3921875000000001 0.703125 0.3921875000000001
3 0.6984375 0.3593750000000001 0.5640625 0.3593750000000001 0.5640625 0.3750000000000001 0.6984375 0.3750000000000001
0 0.7015625 0.3437500000000001 0.5703125 0.3437500000000001 0.5703125 0.3609375000000001 0.7015625 0.3609375000000001
1 0.7046875 0.32500000000000007 0.5703125 0.32500000000000007 0.5703125 0.34062500000000007 0.7046875 0.34062500000000007
2 0.7046875 0.3109375000000001 0.5703125 0.3109375000000001 0.5703125 0.32500000000000007 0.7046875 0.32500000000000007
0 0.6984375 0.484375 0.5640625 0.484375 0.5640625 0.503125 0.6984375 0.503125
1 0.6984375 0.4703125 0.565625 0.4703125 0.565625 0.4859375 0.6984375 0.4859375
3 0.703125 0.4546875 0.56875 0.4546875 0.56875 0.4703125 0.703125 0.4703125
1 0.703125 0.4359375 0.5671875 0.4359375 0.5671875 0.4546875 0.703125 0.4546875
4 0.7 0.4203125 0.5703125 0.4203125 0.5703125 0.434375 0.7 0.434375
4 0.709375 0.5984375 0.575 0.5984375 0.575 0.615625 0.709375 0.615625
2 0.7 0.58125 0.571875 0.58125 0.571875 0.596875 0.7 0.596875
1 0.70625 0.5640625 0.5671875 0.5640625 0.5671875 0.5828125 0.70625 0.5828125
2 0.7046875 0.5515625 0.5703125 0.5515625 0.5703125 0.5640625 0.7046875 0.5640625
4 0.703125 0.53125 0.5703125 0.53125 0.5703125 0.546875 0.703125 0.546875
1 0.7125000000000001 0.7109375 0.5734375 0.7109375 0.5734375 0.728125 0.7125000000000001 0.728125
4 0.7046875 0.6953125 0.575 0.6953125 0.575 0.7078125 0.7046875 0.7078125
2 0.7140625 0.678125 0.56875 0.678125 0.56875 0.69375 0.7140625 0.69375
0 0.7046875 0.6609375 0.5703125 0.6609375 0.5703125 0.675 0.7046875 0.675
1 0.6984375000000002 0.8234375 0.5718750000000001 0.8234375 0.5718750000000001 0.8359375 0.6984375000000002 0.8359375
4 0.7031250000000002 0.8078125 0.5750000000000002 0.8078125 0.5750000000000002 0.8234375 0.7031250000000002 0.8234375
1 0.7000000000000002 0.7875 0.5687500000000002 0.7875 0.5687500000000002 0.803125 0.7000000000000002 0.803125
2 0.7000000000000002 0.771875 0.5734375000000002 0.771875 0.5734375000000002 0.7859375 0.7000000000000002 0.7859375
0 0.7046875000000001 0.753125 0.5703125000000002 0.753125 0.5703125000000002 0.7703125 0.7046875000000001 0.7703125
2 0.7078125000000002 0.934375 0.5703125000000002 0.934375 0.5703125000000002 0.95 0.7078125000000002 0.95
2 0.7093750000000002 0.915625 0.5750000000000002 0.915625 0.5750000000000002 0.9328125 0.7093750000000002 0.9328125
1 0.9375 0.915625 0.8140625 0.915625 0.8140625 0.9296875 0.9375 0.9296875
2 0.940625 0.896875 0.8140625 0.896875 0.8140625 0.9140625 0.940625 0.9140625
3 0.9375 0.88125 0.815625 0.88125 0.815625 0.8953125 0.9375 0.8953125
2 0.9359375 0.803125 0.8109375 0.803125 0.8109375 0.8171875 0.9359375 0.8171875
3 0.9390625 0.7859375000000002 0.8109375 0.7859375000000002 0.8109375 0.803125 0.9390625 0.803125
2 0.9375 0.7703125000000002 0.8171875 0.7703125000000002 0.8171875 0.7828125000000001 0.9375 0.7828125000000001
1 0.9375 0.7500000000000002 0.809375 0.7500000000000002 0.809375 0.7703125000000002 0.9375 0.7703125000000002
4 0.9375 0.7093750000000002 0.8140625 0.7093750000000002 0.8140625 0.7281250000000001 0.9375 0.7281250000000001
2 0.9375 0.6906250000000002 0.8140625 0.6906250000000002 0.8140625 0.7078125000000002 0.9375 0.7078125000000002
1 0.9375 0.6765625000000002 0.8125 0.6765625000000002 0.8125 0.6921875000000002 0.9375 0.6921875000000002
4 0.9390625 0.6578125000000001 0.8140625 0.6578125000000001 0.8140625 0.6750000000000002 0.9390625 0.6750000000000002
2 0.9390625 0.6406250000000002 0.815625 0.6406250000000002 0.815625 0.6562500000000002 0.9390625 0.6562500000000002
1 0.934375 0.5968750000000002 0.8171875 0.5968750000000002 0.8171875 0.6171875000000002 0.934375 0.6171875000000002
2 0.934375 0.5812500000000002 0.8125 0.5812500000000002 0.8125 0.5968750000000002 0.934375 0.5968750000000002
3 0.9359375 0.5484375000000001 0.81875 0.5484375000000001 0.81875 0.5671875000000002 0.9359375 0.5671875000000002
2 0.9359375 0.5296875000000002 0.815625 0.5296875000000002 0.815625 0.5437500000000002 0.9359375 0.5437500000000002
3 0.9328125 0.46875000000000017 0.8125 0.46875000000000017 0.8125 0.4812500000000002 0.9328125 0.4812500000000002
1 0.934375 0.45312500000000017 0.8109375 0.45312500000000017 0.8109375 0.46875000000000017 0.934375 0.46875000000000017
1 0.9375 0.4359375000000002 0.815625 0.4359375000000002 0.815625 0.4500000000000002 0.9375 0.4500000000000002
2 0.9359375 0.3781250000000001 0.815625 0.3781250000000001 0.815625 0.3906250000000001 0.9359375 0.3906250000000001
3 0.934375 0.3609375000000001 0.8015625 0.3609375000000001 0.8015625 0.3765625000000001 0.934375 0.3765625000000001
3 0.93125 0.3265625000000001 0.8109375 0.3265625000000001 0.8109375 0.34062500000000007 0.93125 0.34062500000000007
2 0.93125 0.3062500000000001 0.803125 0.3062500000000001 0.803125 0.3218750000000001 0.93125 0.3218750000000001