3 0.22031250000000008 0.384375 0.08125000000000004 0.384375 0.08125000000000004 0.4 0.22031250000000008 0.4
3 0.21875000000000008 0.3671875 0.08281250000000004 0.3671875 0.08281250000000004 0.384375 0.21875000000000008 0.384375
3 0.21250000000000005 0.3484375 0.08281250000000004 0.3484375 0.08281250000000004 0.3671875 0.21250000000000008 0.3671875
3 0.2125 0.334375 0.08437500000000005 0.334375 0.08437500000000005 0.3484375 0.2125 0.3484375
3 0.2125 0.31875 0.08906250000000004 0.31875 0.08906250000000004 0.3328125 0.2125 0.3328125
3 0.21875000000000008 0.4953125 0.08437500000000006 0.4953125 0.08437500000000006 0.5125 0.21875000000000008 0.5125
3 0.21250000000000008 0.478125 0.08281250000000007 0.478125 0.08281250000000007 0.49375 0.21250000000000008 0.49375
3 0.2156250000000001 0.4625 0.08281250000000007 0.4625 0.08281250000000007 0.4765625 0.2156250000000001 0.4765625
3 0.21875000000000008 0.4453125 0.08593750000000004 0.4453125 0.08593750000000006 0.4578125 0.21875000000000008 0.4578125
3 0.2171875000000001 0.425 0.08437500000000005 0.425 0.08437500000000005 0.4421875 0.2171875000000001 0.4421875
3 0.2140625000000001 0.6078125 0.08593750000000007 0.6078125 0.08593750000000007 0.625 0.2140625000000001 0.625
3 0.22031250000000008 0.5890625 0.08593750000000007 0.5890625 0.08593750000000007 0.60625 0.22031250000000008 0.60625
3 0.2171875000000001 0.571875 0.08437500000000006 0.571875 0.08437500000000006 0.5859375 0.2171875000000001 0.5859375
3 0.2140625000000001 0.5578125 0.08281250000000007 0.5578125 0.08281250000000007 0.571875 0.2140625000000001 0.571875
3 0.2140625000000001 0.5390625 0.08593750000000007 0.5390625 0.08593750000000007 0.5546875 0.2140625000000001 0.5546875
3 0.2093750000000001 0.71875 0.08437500000000009 0.71875 0.08437500000000009 0.7328125 0.2093750000000001 0.7328125
3 0.21250000000000008 0.7015625 0.08437500000000009 0.7015625 0.08437500000000009 0.715625 0.21250000000000008 0.715625
3 0.21093750000000008 0.6859375 0.08593750000000008 0.6859375 0.08593750000000008 0.7 0.21093750000000008 0.7
3 0.21250000000000008 0.6671875 0.0828125000000001 0.6671875 0.0828125000000001 0.6828125 0.21250000000000008 0.6828125
3 0.2156250000000001 0.6484375 0.08437500000000009 0.6484375 0.08437500000000009 0.665625 0.2156250000000001 0.665625
3 0.2140625000000001 0.8296875 0.08281250000000011 0.8296875 0.08281250000000011 0.8453125 0.2140625000000001 0.8453125
3 0.2140625000000001 0.815625 0.08437500000000009 0.815625 0.0843750000000001 0.8296875 0.2140625000000001 0.8296875
3 0.21250000000000008 0.796875 0.07968750000000009 0.796875 0.07968750000000009 0.8109375 0.21250000000000008 0.8109375
3 0.2140625000000001 0.7796875 0.0828125000000001 0.7796875 0.0828125000000001 0.7953125 0.2140625000000001 0.7953125
3 0.21093750000000008 0.759375 0.0828125000000001 0.759375 0.0828125000000001 0.775 0.21093750000000008 0.775
3 0.21250000000000008 0.9421875 0.08281250000000011 0.9421875 0.08281250000000011 0.9546875 0.21250000000000008 0.9546875
3 0.21093750000000008 0.9234375 0.08125000000000011 0.9234375 0.08125000000000011 0.9375 0.21093750000000008 0.9375
3 0.2140625000000001 0.90625 0.08125000000000011 0.90625 0.08125000000000011 0.921875 0.2140625000000001 0.921875
3 0.21250000000000008 0.890625 0.08281250000000011 0.890625 0.08281250000000011 0.9046875 0.21250000000000008 0.9046875
3 0.21250000000000008 0.8703125 0.08437500000000012 0.8703125 0.08437500000000012 0.8875 0.21250000000000008 0.8875
3 0.4609375 0.38593750000000004 0.32500000000000007 0.3859375 0.32500000000000007 0.4 0.4609375 0.4
3 0.4546875 0.36875 0.3265625000000001 0.36875 0.3265625000000001 0.384375 0.4546875 0.3843750000000001
3 0.4546875 0.353125 0.3296875 0.353125 0.3296875 0.36718750000000006 0.4546875 0.3671875000000001
3 0.4578125 0.33437500000000003 0.3296875 0.334375 0.3296875 0.34843750000000007 0.4578125 0.34843750000000007
3 0.4546875 0.31562500000000004 0.3296875 0.315625 0.3296875 0.33125000000000004 0.4546875 0.3312500000000001
3 0.4515625 0.496875 0.3265625000000001 0.496875 0.3265625000000001 0.5109375 0.4515625 0.5109375
3 0.4546875 0.478125 0.32500000000000007 0.478125 0.32500000000000007 0.4921875 0.4546875 0.4921875
3 0.4546875 0.465625 0.3265625000000001 0.465625 0.3265625000000001 0.478125 0.4546875 0.478125
3 0.4546875 0.4421875 0.32500000000000007 0.4421875 0.32500000000000007 0.459375 0.4546875 0.459375
3 0.4578125 0.4296875 0.3265625000000001 0.4296875 0.3265625000000001 0.4421875 0.4578125 0.4421875
3 0.453125 0.6109375 0.3312500000000001 0.6109375 0.3312500000000001 0.625 0.453125 0.625
3 0.4546875 0.5890625 0.32500000000000007 0.5890625 0.32500000000000007 0.60625 0.4546875 0.60625
3 0.45625 0.5703125 0.32500000000000007 0.5703125 0.32500000000000007 0.5890625 0.45625 0.5890625
3 0.4609375 0.55625 0.3265625000000001 0.55625 0.3265625000000001 0.571875 0.4609375 0.571875
3 0.4515625 0.5390625 0.32500000000000007 0.5390625 0.32500000000000007 0.5546875 0.4515625 0.5546875
3 0.45781250000000007 0.71875 0.3203125000000001 0.71875 0.3203125000000001 0.7359375 0.4578125000000002 0.7359375
3 0.4515625 0.6984375 0.3234375000000001 0.6984375 0.3234375000000001 0.7140625 0.4515625 0.7140625
3 0.45625 0.6796875 0.3218750000000001 0.6796875 0.3218750000000001 0.696875 0.45625 0.696875
3 0.4546875 0.665625 0.3265625000000001 0.665625 0.3265625000000001 0.6828125 0.4546875 0.6828125
3 0.45625 0.65 0.3234375000000001 0.65 0.3234375000000001 0.665625 0.45625 0.665625
3 0.45625000000000016 0.809375 0.3203125000000001 0.809375 0.3203125000000001 0.825 0.45625000000000016 0.825
3 0.46406250000000016 0.7953125 0.3218750000000001 0.7953125 0.3218750000000001 0.8109375 0.46406250000000016 0.8109375
3 0.4578125000000002 0.778125 0.3234375000000001 0.778125 0.3234375000000001 0.7953125 0.4578125000000002 0.7953125
3 0.4578125000000002 0.759375 0.3218750000000001 0.759375 0.3218750000000001 0.778125 0.4578125000000002 0.778125
3 0.7015625 0.3843750000000001 0.5671875 0.3843750000000001 0.5671875 0.4015625 0.7015625 0.4015625
3 0.7046875 0.3687500000000001 0.5671875 0.3687500000000001 0.5671875 0.3843750000000001 0.7046875 0.3843750000000001
3 0.7 0.3515625000000001 0.56875 0.3515625000000001 0.56875 0.3671875000000001 0.7 0.3671875000000001
3 0.703125 0.3343750000000001 0.5703125 0.3343750000000001 0.5703125 0.3500000000000001 0.703125 0.3500000000000001
3 0.7 0.31718750000000007 0.56875 0.31718750000000007 0.56875 0.3343750000000001 0.7 0.3343750000000001
3 0.696875 0.49375 0.5671875 0.49375 0.5671875 0.509375 0.696875 0.509375
3 0.6984375 0.4796875 0.5671875 0.4796875 0.5671875 0.49375 0.6984375 0.49375
3 0.6953125 0.4609375 0.5671875 0.4609375 0.5671875 0.475 0.6953125 0.475
3 0.7 0.44375 0.5671875 0.44375 0.5671875 0.459375 0.7 0.459375
3 0.696875 0.4265625 0.5671875 0.4265625 0.5671875 0.44375 0.696875 0.44375
3 0.6921875 0.6078125 0.5734375 0.6078125 0.5734375 0.625 0.6921875 0.625
3 0.6890625 0.5875 0.56875 0.5875 0.56875 0.6109375 0.6890625 0.6109375
3 0.69375 0.5703125 0.5734375 0.5703125 0.5734375 0.590625 0.69375 0.590625
3 0.69375 0.55625 0.571875 0.55625 0.571875 0.5703125 0.69375 0.5703125
3 0.6953125 0.5375 0.5703125 0.5375 0.5703125 0.55625 0.6953125 0.55625
3 0.7078125000000001 0.7140625 0.565625 0.7140625 0.565625 0.7359375 0.7078125000000002 0.7359375
3 0.6953125 0.6984375 0.5703125 0.6984375 0.5703125 0.7140625 0.6953125 0.7140625
3 0.6953125 0.684375 0.56875 0.684375 0.56875 0.6984375 0.6953125 0.6984375
3 0.7 0.66875 0.5671875 0.66875 0.5671875 0.6828125 0.7 0.6828125
3 0.7046875 0.65 0.5703125 0.65 0.5703125 0.665625 0.7046875 0.665625
3 0.4578125000000002 0.940625 0.32500000000000007 0.940625 0.32500000000000007 0.9578125 0.4578125000000002 0.9578125
3 0.4578125000000002 0.9203125 0.3234375000000001 0.9203125 0.3234375000000001 0.9359375 0.4578125000000002 0.9359375
3 0.45625000000000016 0.90625 0.3218750000000001 0.90625 0.3218750000000001 0.9234375 0.45625000000000016 0.9234375
3 0.4593750000000002 0.890625 0.3218750000000001 0.890625 0.3218750000000001 0.90625 0.4593750000000002 0.90625
3 0.4500000000000002 0.871875 0.3203125000000001 0.871875 0.3203125000000001 0.8875 0.4500000000000002 0.8875
3 0.7015625000000002 0.8296875 0.5640625000000001 0.8296875 0.5640625000000001 0.8453125 0.7015625000000002 0.8453125
3 0.6984375000000002 0.809375 0.5671875000000002 0.809375 0.5671875000000002 0.8296875 0.6984375000000002 0.8296875
3 0.7078125000000002 0.79375 0.5656250000000002 0.79375 0.5656250000000002 0.809375 0.7078125000000002 0.809375
3 0.6968750000000001 0.7796875 0.5656250000000002 0.7796875 0.5656250000000002 0.7921875 0.6968750000000001 0.7921875
3 0.6953125000000002 0.7609375 0.5656250000000002 0.7609375 0.5656250000000002 0.7796875 0.6953125000000002 0.7796875
3 0.7015625000000002 0.9390625 0.5625000000000002 0.9390625 0.5625000000000002 0.95625 0.7015625000000002 0.95625
3 0.7015625000000002 0.9234375 0.5640625000000001 0.9234375 0.5640625000000001 0.9375 0.7015625000000002 0.9375
3 0.7062500000000002 0.90625 0.5625000000000002 0.90625 0.5625000000000002 0.921875 0.7062500000000002 0.921875
3 0.6968750000000001 0.8890625 0.5625000000000002 0.8890625 0.5625000000000002 0.9046875 0.6968750000000001 0.9046875
3 0.6968750000000001 0.8734375 0.5640625000000001 0.8734375 0.5640625000000001 0.8875 0.6968750000000001 0.8875
3 0.946875 0.3828125000000001 0.809375 0.3828125000000001 0.809375 0.4031250000000002 0.946875 0.4031250000000002
3 0.9375 0.3687500000000001 0.80625 0.3687500000000001 0.80625 0.3828125000000001 0.9375 0.3828125000000001
3 0.940625 0.3500000000000001 0.8078125 0.3500000000000001 0.8078125 0.3687500000000001 0.940625 0.3687500000000001
3 0.934375 0.33281250000000007 0.8078125 0.33281250000000007 0.8078125 0.3515625000000001 0.934375 0.3515625000000001
3 0.9390625 0.3156250000000001 0.809375 0.3156250000000001 0.809375 0.33281250000000007 0.9390625 0.33281250000000007
3 0.9359375 0.4937500000000002 0.809375 0.4937500000000002 0.809375 0.5171875000000001 0.9359375 0.5171875000000001
3 0.9328125 0.47656250000000017 0.8078125 0.47656250000000017 0.8078125 0.4968750000000002 0.9328125 0.4968750000000002
3 0.9375 0.4578125000000002 0.80625 0.4578125000000002 0.80625 0.4750000000000002 0.9375 0.4750000000000002
3 0.9296875 0.44531250000000017 0.809375 0.44531250000000017 0.809375 0.4593750000000002 0.9296875 0.4593750000000002
3 0.9359375 0.4265625000000002 0.809375 0.4265625000000002 0.809375 0.4421875000000002 0.9359375 0.4421875000000002
3 0.934375 0.6046875000000002 0.80625 0.6046875000000002 0.80625 0.6234375000000002 0.934375 0.6234375000000002
3 0.93125 0.5890625000000002 0.809375 0.5890625000000002 0.809375 0.6078125000000002 0.93125 0.6078125000000002
3 0.934375 0.5718750000000001 0.809375 0.5718750000000001 0.809375 0.5859375000000002 0.934375 0.5859375000000002
3 0.9359375 0.5562500000000001 0.8109375 0.5562500000000001 0.8109375 0.5718750000000001 0.9359375 0.5718750000000001
3 0.9390625 0.5375000000000002 0.8078125 0.5375000000000002 0.8078125 0.5546875000000002 0.9390625 0.5546875000000002
3 0.934375 0.7187500000000002 0.80625 0.7187500000000002 0.80625 0.7343750000000002 0.934375 0.7343750000000002
3 0.9328125 0.6968750000000001 0.809375 0.6968750000000001 0.809375 0.7156250000000002 0.9328125 0.7156250000000002
3 0.9390625 0.6843750000000002 0.809375 0.6843750000000002 0.809375 0.7000000000000002 0.9390625 0.7000000000000002
3 0.9375 0.6640625000000002 0.8109375 0.6640625000000002 0.8109375 0.6828125000000002 0.9375 0.6828125000000002
3 0.9328125 0.6500000000000001 0.8078125 0.6500000000000001 0.8078125 0.6656250000000001 0.9328125 0.6656250000000001
3 0.9359375 0.828125 0.8046875 0.828125 0.8046875 0.8484375 0.9359375 0.8484375
3 0.9328125 0.8109375 0.8046875 0.8109375 0.8046875 0.8296875 0.9328125 0.8296875
3 0.9375 0.7953125000000002 0.80625 0.7953125000000002 0.80625 0.8125 0.9375 0.8125
3 0.934375 0.7781250000000002 0.8078125 0.7781250000000002 0.8078125 0.7937500000000002 0.934375 0.7937500000000002
3 0.9359375 0.7593750000000001 0.80625 0.7593750000000001 0.80625 0.7781250000000002 0.9359375 0.7781250000000002
3 0.934375 0.9375 0.80625 0.9375 0.80625 0.95625 0.934375 0.95625
3 0.934375 0.921875 0.8046875 0.921875 0.8046875 0.9390625 0.934375 0.9390625
3 0.940625 0.90625 0.809375 0.90625 0.809375 0.9203125 0.940625 0.9203125
3 0.9328125 0.890625 0.8078125 0.890625 0.8078125 0.9078125 0.9328125 0.9078125
3 0.9375 0.871875 0.8078125 0.871875 0.8078125 0.884375 0.9375 0.884375