0 0.2218750000000001 0.3859375 0.08437500000000005 0.3859375 0.08437500000000005 0.4078125 0.2218750000000001 0.4078125
0 0.21875000000000008 0.36875 0.08437500000000005 0.36875 0.08437500000000005 0.3875 0.21875000000000008 0.3875
0 0.21562500000000004 0.35 0.08593750000000004 0.35 0.08593750000000004 0.36875 0.2156250000000001 0.36875
0 0.2171875 0.334375 0.08125000000000004 0.334375 0.08125000000000004 0.35 0.2171875 0.35
0 0.2140625 0.3140625 0.08437500000000005 0.3140625 0.08437500000000005 0.3328125 0.2140625 0.3328125
0 0.2140625000000001 0.49375 0.08750000000000006 0.49375 0.08750000000000006 0.5125 0.2140625000000001 0.5125
0 0.2156250000000001 0.4796875 0.08437500000000006 0.4796875 0.08437500000000006 0.4921875 0.2156250000000001 0.4921875
0 0.21093750000000008 0.4640625 0.08906250000000007 0.4640625 0.08906250000000007 0.4796875 0.21093750000000008 0.4796875
0 0.2156250000000001 0.4453125 0.08906250000000004 0.4453125 0.08906250000000006 0.459375 0.2156250000000001 0.459375
0 0.2156250000000001 0.428125 0.08593750000000004 0.428125 0.08593750000000004 0.4421875 0.2156250000000001 0.4421875
0 0.21093750000000008 0.6078125 0.08906250000000007 0.6078125 0.08906250000000007 0.625 0.21093750000000008 0.625
0 0.2171875000000001 0.5890625 0.08906250000000007 0.5890625 0.08906250000000007 0.6046875 0.2171875000000001 0.6046875
0 0.2140625000000001 0.571875 0.08593750000000007 0.571875 0.08593750000000007 0.590625 0.2140625000000001 0.590625
0 0.21250000000000008 0.55625 0.08437500000000006 0.55625 0.08437500000000006 0.571875 0.21250000000000008 0.571875
0 0.2156250000000001 0.540625 0.08281250000000007 0.540625 0.08281250000000007 0.5546875 0.2156250000000001 0.5546875
0 0.4609375 0.38750000000000007 0.3296875000000001 0.3875 0.3296875000000001 0.4015625 0.4609375 0.4015625
0 0.4578125 0.36562500000000003 0.3281250000000001 0.365625 0.3281250000000001 0.38125000000000003 0.4578125 0.3812500000000001
0 0.45625 0.34843750000000007 0.3296875 0.3484375 0.3296875 0.36406250000000007 0.45625 0.36406250000000007
0 0.4609375 0.33281250000000007 0.328125 0.3328125 0.328125 0.34843750000000007 0.4609375 0.34843750000000007
0 0.45625 0.31562500000000004 0.328125 0.315625 0.328125 0.33125000000000004 0.45625 0.3312500000000001
0 0.45625 0.4953125 0.3265625000000001 0.4953125 0.3265625000000001 0.5125 0.45625 0.5125
0 0.4609375 0.478125 0.3296875000000001 0.478125 0.3296875000000001 0.4921875 0.4609375 0.4921875
0 0.4609375 0.459375 0.3296875000000001 0.459375 0.3296875000000001 0.4765625 0.4609375 0.4765625
0 0.45625 0.44375 0.3281250000000001 0.44375 0.3281250000000001 0.4578125 0.45625 0.4578125
0 0.45625 0.4265625 0.3281250000000001 0.4265625 0.3281250000000001 0.440625 0.45625 0.440625
0 0.4578125 0.60625 0.3265625000000001 0.60625 0.3265625000000001 0.6203125 0.4578125 0.6203125
0 0.4609375 0.590625 0.3296875000000001 0.590625 0.3296875000000001 0.6046875 0.4609375 0.6046875
0 0.459375 0.5703125 0.3312500000000001 0.5703125 0.3312500000000001 0.5859375 0.459375 0.5859375
0 0.459375 0.55625 0.3281250000000001 0.55625 0.3281250000000001 0.56875 0.459375 0.56875
0 0.459375 0.5375 0.3281250000000001 0.5375 0.3281250000000001 0.553125 0.459375 0.553125
0 0.703125 0.3828125000000001 0.571875 0.3828125000000001 0.571875 0.3968750000000001 0.703125 0.3968750000000001
0 0.703125 0.3671875000000001 0.571875 0.3671875000000001 0.571875 0.3812500000000001 0.703125 0.3812500000000001
0 0.6984375 0.34843750000000007 0.5671875 0.34843750000000007 0.5671875 0.36406250000000007 0.6984375 0.36406250000000007
0 0.7 0.33281250000000007 0.571875 0.33281250000000007 0.571875 0.3453125000000001 0.7 0.3453125000000001
0 0.696875 0.31718750000000007 0.565625 0.31718750000000007 0.565625 0.3296875000000001 0.696875 0.3296875000000001
0 0.7078125 0.478125 0.56875 0.478125 0.56875 0.4921875 0.7078125 0.4921875
0 0.7046875 0.4609375 0.571875 0.4609375 0.571875 0.475 0.7046875 0.475
0 0.7046875 0.4453125 0.5703125 0.4453125 0.5703125 0.4578125 0.7046875 0.4578125
0 0.70625 0.4265625 0.5671875 0.4265625 0.5671875 0.4375 0.70625 0.4375
0 0.7046875 0.6078125 0.5703125 0.6078125 0.5703125 0.621875 0.7046875 0.621875
0 0.703125 0.590625 0.571875 0.590625 0.571875 0.603125 0.703125 0.603125
0 0.70625 0.5703125 0.5703125 0.5703125 0.5703125 0.5875 0.70625 0.5875
0 0.6984375 0.55625 0.571875 0.55625 0.571875 0.56875 0.6984375 0.56875
0 0.6984375 0.5375 0.56875 0.5375 0.56875 0.5515625 0.6984375 0.5515625
0 0.9359375 0.3812500000000001 0.8109375 0.3812500000000001 0.8109375 0.3968750000000001 0.9359375 0.3968750000000001
0 0.9375 0.3625000000000001 0.8078125 0.3625000000000001 0.8078125 0.3812500000000001 0.9375 0.3812500000000001
0 0.9359375 0.34843750000000007 0.8125 0.34843750000000007 0.8125 0.3625000000000001 0.9359375 0.3625000000000001
0 0.934375 0.3296875000000001 0.8109375 0.3296875000000001 0.8109375 0.3453125000000001 0.934375 0.3453125000000001
0 0.9359375 0.3140625000000001 0.8109375 0.3140625000000001 0.8109375 0.3296875000000001 0.9359375 0.3296875000000001
0 0.9375 0.4937500000000002 0.8140625 0.4937500000000002 0.8140625 0.5109375000000002 0.9375 0.5109375000000002
0 0.940625 0.4781250000000002 0.8109375 0.4781250000000002 0.8109375 0.4890625000000002 0.940625 0.4890625000000002
0 0.9359375 0.4578125000000002 0.809375 0.4578125000000002 0.809375 0.4750000000000002 0.9359375 0.4750000000000002
0 0.9359375 0.44062500000000016 0.809375 0.44062500000000016 0.809375 0.45625000000000016 0.9359375 0.45625000000000016
0 0.9359375 0.4265625000000002 0.809375 0.4265625000000002 0.809375 0.44062500000000016 0.9359375 0.44062500000000016
0 0.9359375 0.6046875000000002 0.8109375 0.6046875000000002 0.8109375 0.6203125000000002 0.9359375 0.6203125000000002
0 0.9359375 0.5890625000000002 0.8140625 0.5890625000000002 0.8140625 0.6000000000000002 0.9359375 0.6000000000000002
0 0.940625 0.5734375000000002 0.8125 0.5734375000000002 0.8125 0.5843750000000002 0.940625 0.5843750000000002
0 0.9375 0.5562500000000001 0.8078125 0.5562500000000001 0.8078125 0.5703125000000002 0.9375 0.5703125000000002
0 0.9328125 0.5359375000000002 0.8109375 0.5359375000000002 0.8109375 0.5515625000000002 0.9328125 0.5515625000000002
0 0.934375 0.7156250000000002 0.8109375 0.7156250000000002 0.8109375 0.7296875000000002 0.934375 0.7296875000000002
0 0.9359375 0.7000000000000002 0.815625 0.7000000000000002 0.815625 0.7156250000000002 0.9359375 0.7156250000000002
0 0.9359375 0.6828125000000002 0.8125 0.6828125000000002 0.8125 0.6968750000000001 0.9359375 0.6968750000000001
0 0.9390625 0.6640625000000002 0.8125 0.6640625000000002 0.8125 0.6796875000000002 0.9390625 0.6796875000000002
0 0.9375 0.6484375000000002 0.8078125 0.6484375000000002 0.8078125 0.6609375000000002 0.9375 0.6609375000000002
0 0.70625 0.71875 0.5703125 0.71875 0.5703125000000001 0.7328125 0.7062500000000002 0.7328125
0 0.7078125 0.7 0.5703125 0.7 0.5703125 0.7140625 0.7078125 0.7140625
0 0.7015625 0.684375 0.5703125 0.684375 0.5703125 0.6953125 0.7015625 0.6953125
0 0.7 0.665625 0.56875 0.665625 0.56875 0.6796875 0.7 0.6796875
0 0.6984375 0.6484375 0.5671875 0.6484375 0.5671875 0.6609375 0.6984375 0.6609375
0 0.4640625000000001 0.7171875 0.3281250000000001 0.7171875 0.3281250000000001 0.7328125 0.46406250000000016 0.7328125
0 0.4625 0.7 0.3296875000000001 0.7 0.3296875000000001 0.7171875 0.4625 0.7171875
0 0.465625 0.6828125 0.3281250000000001 0.6828125 0.3281250000000001 0.6984375 0.465625 0.6984375
0 0.4609375 0.66875 0.3296875000000001 0.66875 0.3296875000000001 0.68125 0.4609375 0.68125
0 0.4578125 0.6484375 0.3296875000000001 0.6484375 0.3296875000000001 0.6640625 0.4578125 0.6640625
0 0.22031250000000008 0.7203125 0.08750000000000009 0.7203125 0.08750000000000009 0.7328125 0.22031250000000008 0.7328125
0 0.2156250000000001 0.7 0.08750000000000009 0.7 0.08750000000000009 0.71875 0.2156250000000001 0.71875
0 0.21875000000000008 0.684375 0.08750000000000009 0.684375 0.08750000000000009 0.7 0.21875000000000008 0.7
0 0.21875000000000008 0.665625 0.08437500000000009 0.665625 0.08437500000000009 0.6828125 0.21875000000000008 0.6828125
0 0.21875000000000008 0.6515625 0.08437500000000009 0.6515625 0.08437500000000009 0.665625 0.21875000000000008 0.665625
0 0.21875000000000008 0.828125 0.08437500000000012 0.828125 0.08437500000000012 0.8453125 0.21875000000000008 0.8453125
0 0.2156250000000001 0.8109375 0.08437500000000009 0.8109375 0.0843750000000001 0.8296875 0.2156250000000001 0.8296875
0 0.22031250000000008 0.79375 0.0828125000000001 0.79375 0.0828125000000001 0.8125 0.22031250000000008 0.8125
0 0.22031250000000008 0.7765625 0.0828125000000001 0.7765625 0.0828125000000001 0.7953125 0.22031250000000008 0.7953125
0 0.22031250000000008 0.7609375 0.08437500000000009 0.7609375 0.08437500000000009 0.7765625 0.22031250000000008 0.7765625
0 0.21875000000000008 0.940625 0.08437500000000012 0.940625 0.08437500000000012 0.95625 0.21875000000000008 0.95625
0 0.2218750000000001 0.925 0.08281250000000011 0.925 0.08281250000000011 0.9390625 0.2218750000000001 0.9390625
0 0.22031250000000008 0.9046875 0.0875000000000001 0.9046875 0.0875000000000001 0.921875 0.22031250000000008 0.921875
0 0.22031250000000008 0.8890625 0.08437500000000012 0.8890625 0.08437500000000012 0.90625 0.22031250000000008 0.90625
0 0.22031250000000008 0.8703125 0.08437500000000012 0.8703125 0.08437500000000012 0.8890625 0.22031250000000008 0.8890625
0 0.4656250000000002 0.9390625 0.3281250000000001 0.9390625 0.3281250000000001 0.9546875 0.4656250000000002 0.9546875
0 0.46093750000000017 0.9234375 0.3281250000000001 0.9234375 0.3281250000000001 0.9375 0.46093750000000017 0.9375
0 0.45625000000000016 0.9046875 0.32500000000000007 0.9046875 0.32500000000000007 0.921875 0.45625000000000016 0.921875
0 0.4593750000000002 0.8890625 0.3281250000000001 0.8890625 0.3281250000000001 0.9046875 0.4593750000000002 0.9046875
0 0.45625000000000016 0.875 0.3281250000000001 0.875 0.3281250000000001 0.8859375 0.45625000000000016 0.8859375
0 0.46093750000000017 0.828125 0.3265625000000001 0.828125 0.3265625000000001 0.8453125 0.46093750000000017 0.8453125
0 0.4546875000000002 0.8125 0.3281250000000001 0.8125 0.3281250000000001 0.8265625 0.4546875000000002 0.8265625
0 0.45625000000000016 0.7953125 0.3296875000000001 0.7953125 0.3296875000000001 0.809375 0.45625000000000016 0.809375
0 0.4546875000000002 0.778125 0.3265625000000001 0.778125 0.3265625000000001 0.79375 0.4546875000000002 0.79375
0 0.45312500000000017 0.7609375 0.3265625000000001 0.7609375 0.3265625000000001 0.775 0.45312500000000017 0.775
0 0.6984375000000002 0.828125 0.5671875000000002 0.828125 0.5671875000000002 0.8453125 0.6984375000000002 0.8453125
0 0.6984375000000002 0.8125 0.5687500000000002 0.8125 0.5687500000000002 0.8265625 0.6984375000000002 0.8265625
0 0.7015625000000002 0.79375 0.5687500000000002 0.79375 0.5687500000000002 0.8109375 0.7015625000000002 0.8109375
0 0.7015625000000002 0.7765625 0.5687500000000002 0.7765625 0.5687500000000002 0.7921875 0.7015625000000002 0.7921875
0 0.7015625000000002 0.7609375 0.5656250000000002 0.7609375 0.5656250000000002 0.775 0.7015625000000002 0.775
0 0.6953125000000002 0.9390625 0.5718750000000001 0.9390625 0.5718750000000001 0.95625 0.6953125000000002 0.95625
0 0.6953125000000002 0.9203125 0.5718750000000001 0.9203125 0.5718750000000001 0.9359375 0.6953125000000002 0.9359375
0 0.6953125000000002 0.9046875 0.5718750000000001 0.9046875 0.5718750000000001 0.91875 0.6953125000000002 0.91875
0 0.6984375000000002 0.8890625 0.5718750000000001 0.8890625 0.5718750000000001 0.9015625 0.6984375000000002 0.9015625
0 0.6984375000000002 0.871875 0.5703125000000002 0.871875 0.5703125000000002 0.884375 0.6984375000000002 0.884375
0 0.9328125 0.9359375 0.8125 0.9359375 0.8125 0.9515625 0.9328125 0.9515625
0 0.934375 0.9203125 0.8109375 0.9203125 0.8109375 0.9359375 0.934375 0.9359375
0 0.9359375 0.9015625 0.809375 0.9015625 0.809375 0.9171875 0.9359375 0.9171875
0 0.93125 0.8875 0.8109375 0.8875 0.8109375 0.9015625 0.93125 0.9015625
0 0.9359375 0.871875 0.8109375 0.871875 0.8109375 0.884375 0.9359375 0.884375
0 0.9359375 0.825 0.8125 0.825 0.8125 0.84375 0.9359375 0.84375
0 0.9390625 0.8109375 0.8140625 0.8109375 0.8140625 0.8265625 0.9390625 0.8265625
0 0.934375 0.7937500000000002 0.8109375 0.7937500000000002 0.8109375 0.809375 0.934375 0.809375
0 0.940625 0.7765625000000002 0.8125 0.7765625000000002 0.8125 0.7921875000000002 0.940625 0.7921875000000002
0 0.9359375 0.7578125000000002 0.8109375 0.7578125000000002 0.8109375 0.7734375000000002 0.9359375 0.7734375000000002