4 0.2250000000000001 0.3859375 0.08437500000000005 0.3859375 0.08437500000000005 0.40625 0.2250000000000001 0.40625
4 0.2218750000000001 0.36875 0.08750000000000005 0.36875 0.08750000000000005 0.3859375 0.2218750000000001 0.3859375
4 0.22343750000000004 0.35 0.08593750000000004 0.35 0.08593750000000004 0.365625 0.2234375000000001 0.365625
4 0.2203125 0.3328125 0.08593750000000004 0.3328125 0.08593750000000004 0.3484375 0.2203125 0.3484375
4 0.2203125 0.315625 0.08750000000000005 0.315625 0.08750000000000005 0.3328125 0.2203125 0.3328125
4 0.4640625 0.384375 0.3234375000000001 0.384375 0.3234375000000001 0.403125 0.4640625 0.403125
4 0.4625 0.36718750000000006 0.32500000000000007 0.3671875 0.32500000000000007 0.38281250000000006 0.4625 0.3828125000000001
4 0.4625 0.353125 0.328125 0.353125 0.32812500000000006 0.36718750000000006 0.4625 0.3671875000000001
4 0.453125 0.33437500000000003 0.3265625 0.334375 0.3265625 0.35156250000000006 0.453125 0.3515625000000001
4 0.4546875 0.31718750000000007 0.328125 0.3171875 0.328125 0.33281250000000007 0.4546875 0.33281250000000007
4 0.703125 0.3843750000000001 0.56875 0.3843750000000001 0.56875 0.4046875 0.703125 0.4046875
4 0.7 0.3671875000000001 0.56875 0.3671875000000001 0.56875 0.3812500000000001 0.7 0.3812500000000001
4 0.6984375 0.3515625000000001 0.56875 0.3515625000000001 0.56875 0.3656250000000001 0.6984375 0.3656250000000001
4 0.696875 0.3343750000000001 0.56875 0.3343750000000001 0.56875 0.34843750000000007 0.696875 0.34843750000000007
4 0.7015625 0.3156250000000001 0.56875 0.3156250000000001 0.56875 0.3343750000000001 0.7015625 0.3343750000000001
4 0.940625 0.3812500000000001 0.8078125 0.3812500000000001 0.8078125 0.3968750000000001 0.940625 0.3968750000000001
4 0.9359375 0.3703125000000001 0.8078125 0.3703125000000001 0.8078125 0.3843750000000001 0.9359375 0.3843750000000001
4 0.9359375 0.3500000000000001 0.8078125 0.3500000000000001 0.8078125 0.3671875000000001 0.9359375 0.3671875000000001
4 0.9359375 0.3312500000000001 0.809375 0.3312500000000001 0.809375 0.34843750000000007 0.9359375 0.34843750000000007
4 0.9375 0.3156250000000001 0.809375 0.3156250000000001 0.809375 0.3312500000000001 0.9375 0.3312500000000001
4 0.9359375 0.4937500000000002 0.8078125 0.4937500000000002 0.8078125 0.5093750000000001 0.9359375 0.5093750000000001
4 0.9390625 0.4750000000000002 0.8078125 0.4750000000000002 0.8078125 0.49218750000000017 0.9390625 0.49218750000000017
4 0.9375 0.4578125000000002 0.809375 0.4578125000000002 0.809375 0.47656250000000017 0.9375 0.47656250000000017
4 0.934375 0.4421875000000002 0.80625 0.4421875000000002 0.80625 0.4593750000000002 0.934375 0.4593750000000002
4 0.93125 0.4281250000000002 0.8109375 0.4281250000000002 0.8109375 0.4437500000000002 0.93125 0.4437500000000002
4 0.703125 0.49375 0.565625 0.49375 0.565625 0.5109375 0.703125 0.5109375
4 0.6984375 0.475 0.5671875 0.475 0.5671875 0.4921875 0.6984375 0.4921875
4 0.7 0.4609375 0.5671875 0.4609375 0.5671875 0.4765625 0.7 0.4765625
4 0.6953125 0.44375 0.56875 0.44375 0.56875 0.4609375 0.6953125 0.4609375
4 0.6953125 0.425 0.56875 0.425 0.56875 0.4421875 0.6953125 0.4421875
4 0.4546875 0.4953125 0.3296875000000001 0.4953125 0.3296875000000001 0.51875 0.4546875 0.51875
4 0.45 0.4765625 0.3234375000000001 0.4765625 0.3234375000000001 0.4953125 0.45 0.4953125
4 0.4484375 0.4609375 0.3265625000000001 0.4609375 0.3265625000000001 0.478125 0.4484375 0.478125
4 0.4609375 0.4453125 0.3296875000000001 0.4453125 0.3296875000000001 0.4625 0.4609375 0.4625
4 0.4515625 0.4265625 0.3265625000000001 0.4265625 0.3265625000000001 0.4421875 0.4515625 0.4421875
4 0.2234375000000001 0.496875 0.08593750000000007 0.496875 0.08593750000000007 0.5109375 0.2234375000000001 0.5109375
4 0.21875000000000008 0.478125 0.08437500000000006 0.478125 0.08437500000000006 0.49375 0.21875000000000008 0.49375
4 0.21250000000000008 0.4625 0.08593750000000007 0.4625 0.08593750000000007 0.4765625 0.21250000000000008 0.4765625
4 0.2234375000000001 0.44375 0.08593750000000004 0.44375 0.08593750000000006 0.4609375 0.2234375000000001 0.4609375
4 0.21875000000000008 0.4265625 0.08593750000000004 0.4265625 0.08593750000000004 0.440625 0.21875000000000008 0.440625
4 0.21875000000000008 0.6078125 0.08750000000000006 0.6078125 0.08750000000000006 0.63125 0.21875000000000008 0.63125
4 0.22031250000000008 0.590625 0.08281250000000007 0.590625 0.08281250000000007 0.6046875 0.22031250000000008 0.6046875
4 0.21093750000000008 0.5734375 0.08593750000000007 0.5734375 0.08593750000000007 0.5875 0.21093750000000008 0.5875
4 0.21875000000000008 0.5578125 0.08750000000000006 0.5578125 0.08750000000000006 0.5734375 0.21875000000000008 0.5734375
4 0.2140625000000001 0.5390625 0.08437500000000006 0.5390625 0.08437500000000006 0.5578125 0.2140625000000001 0.5578125
4 0.4515625 0.6078125 0.3281250000000001 0.6078125 0.3281250000000001 0.625 0.4515625 0.625
4 0.459375 0.5921875 0.3265625000000001 0.5921875 0.3265625000000001 0.6046875 0.459375 0.6046875
4 0.4515625 0.571875 0.3281250000000001 0.571875 0.3281250000000001 0.5859375 0.4515625 0.5859375
4 0.4546875 0.55625 0.3265625000000001 0.55625 0.3265625000000001 0.56875 0.4546875 0.56875
4 0.4625 0.5390625 0.3265625000000001 0.5390625 0.3265625000000001 0.5515625 0.4625 0.5515625
4 0.696875 0.6046875 0.565625 0.6046875 0.565625 0.625 0.696875 0.625
4 0.6984375 0.5859375 0.56875 0.5859375 0.56875 0.6046875 0.6984375 0.6046875
4 0.7 0.571875 0.56875 0.571875 0.56875 0.5875 0.7 0.5875
4 0.7015625 0.5578125 0.5671875 0.5578125 0.5671875 0.5734375 0.7015625 0.5734375
4 0.6984375 0.5375 0.5703125 0.5375 0.5703125 0.55625 0.6984375 0.55625
4 0.9390625 0.6062500000000002 0.8125 0.6062500000000002 0.8125 0.6234375000000002 0.9390625 0.6234375000000002
4 0.9359375 0.5890625000000002 0.809375 0.5890625000000002 0.809375 0.6046875000000002 0.9359375 0.6046875000000002
4 0.9328125 0.5687500000000002 0.809375 0.5687500000000002 0.809375 0.5859375000000002 0.9328125 0.5859375000000002
4 0.9375 0.5531250000000002 0.809375 0.5531250000000002 0.809375 0.5687500000000002 0.9375 0.5687500000000002
4 0.9375 0.5375000000000002 0.809375 0.5375000000000002 0.809375 0.5562500000000001 0.9375 0.5562500000000001
4 0.2156250000000001 0.7171875 0.08125000000000009 0.7171875 0.08125000000000009 0.7375 0.2156250000000001 0.7375
4 0.2156250000000001 0.7015625 0.08437500000000009 0.7015625 0.08437500000000009 0.715625 0.2156250000000001 0.715625
4 0.21875000000000008 0.6859375 0.08125000000000009 0.6859375 0.08125000000000009 0.7015625 0.21875000000000008 0.7015625
4 0.2171875000000001 0.6671875 0.0828125000000001 0.6671875 0.0828125000000001 0.6859375 0.2171875000000001 0.6859375
4 0.2171875000000001 0.653125 0.08437500000000009 0.653125 0.08437500000000009 0.6640625 0.2171875000000001 0.6640625
4 0.4546875000000001 0.7171875 0.3265625000000001 0.7171875 0.3265625000000001 0.7328125 0.4546875000000002 0.7328125
4 0.453125 0.7015625 0.32500000000000007 0.7015625 0.32500000000000007 0.7140625 0.453125 0.7140625
4 0.4515625 0.684375 0.3265625000000001 0.684375 0.3265625000000001 0.6984375 0.4515625 0.6984375
4 0.453125 0.66875 0.3281250000000001 0.66875 0.3281250000000001 0.6828125 0.453125 0.6828125
4 0.4515625 0.6515625 0.3281250000000001 0.6515625 0.3281250000000001 0.6640625 0.4515625 0.6640625
4 0.6968750000000001 0.71875 0.565625 0.71875 0.565625 0.7359375 0.6968750000000001 0.7359375
4 0.7015625 0.7015625 0.5671875 0.7015625 0.5671875 0.715625 0.7015625 0.715625
4 0.7015625 0.6828125 0.56875 0.6828125 0.56875 0.696875 0.7015625 0.696875
4 0.6984375 0.6671875 0.5671875 0.6671875 0.5671875 0.6828125 0.6984375 0.6828125
4 0.6953125 0.653125 0.56875 0.653125 0.56875 0.6640625 0.6953125 0.6640625
4 0.934375 0.7140625000000002 0.809375 0.7140625000000002 0.809375 0.7328125000000002 0.934375 0.7328125000000002
4 0.9375 0.7000000000000002 0.809375 0.7000000000000002 0.809375 0.7140625000000002 0.9375 0.7140625000000002
4 0.9328125 0.6843750000000002 0.8078125 0.6843750000000002 0.8078125 0.6984375000000002 0.9328125 0.6984375000000002
4 0.93125 0.6656250000000001 0.809375 0.6656250000000001 0.809375 0.6828125000000002 0.93125 0.6828125000000002
4 0.93125 0.6500000000000001 0.8109375 0.6500000000000001 0.8109375 0.6656250000000001 0.93125 0.6656250000000001
4 0.93125 0.8265625 0.809375 0.8265625 0.809375 0.8453125 0.93125 0.8453125
4 0.9359375 0.8140625 0.809375 0.8140625 0.809375 0.828125 0.9359375 0.828125
4 0.9296875 0.7953125000000002 0.809375 0.7953125000000002 0.809375 0.809375 0.9296875 0.809375
4 0.934375 0.7765625000000002 0.809375 0.7765625000000002 0.809375 0.7937500000000002 0.934375 0.7937500000000002
4 0.9328125 0.7609375000000002 0.809375 0.7609375000000002 0.809375 0.7750000000000001 0.9328125 0.7750000000000001
4 0.6937500000000002 0.83125 0.5687500000000002 0.83125 0.5687500000000002 0.846875 0.6937500000000002 0.846875
4 0.6921875000000002 0.8109375 0.5671875000000002 0.8109375 0.5671875000000002 0.828125 0.6921875000000002 0.828125
4 0.6906250000000002 0.79375 0.5656250000000002 0.79375 0.5656250000000002 0.809375 0.6906250000000002 0.809375
4 0.6921875000000002 0.778125 0.5671875000000002 0.778125 0.5671875000000002 0.7921875 0.6921875000000002 0.7921875
4 0.6953125000000002 0.7625 0.5687500000000002 0.7625 0.5687500000000002 0.7765625 0.6953125000000002 0.7765625
4 0.45312500000000017 0.8265625 0.32500000000000007 0.8265625 0.32500000000000007 0.8453125 0.45312500000000017 0.8453125
4 0.4546875000000002 0.8125 0.3265625000000001 0.8125 0.3265625000000001 0.825 0.4546875000000002 0.825
4 0.4578125000000002 0.79375 0.32500000000000007 0.79375 0.32500000000000007 0.809375 0.4578125000000002 0.809375
4 0.4546875000000002 0.7796875 0.3265625000000001 0.7796875 0.3265625000000001 0.7921875 0.4546875000000002 0.7921875
4 0.4546875000000002 0.7609375 0.32500000000000007 0.7609375 0.32500000000000007 0.7765625 0.4546875000000002 0.7765625
4 0.22031250000000008 0.828125 0.08281250000000011 0.828125 0.08281250000000011 0.846875 0.22031250000000008 0.846875
4 0.21250000000000008 0.8109375 0.08125000000000009 0.8109375 0.0812500000000001 0.8328125 0.21250000000000008 0.8328125
4 0.22031250000000008 0.79375 0.08125000000000009 0.79375 0.08125000000000009 0.809375 0.22031250000000008 0.809375
4 0.2078125000000001 0.7765625 0.0828125000000001 0.7765625 0.0828125000000001 0.7921875 0.2078125000000001 0.7921875
4 0.2078125000000001 0.7609375 0.0828125000000001 0.7609375 0.0828125000000001 0.7765625 0.2078125000000001 0.7765625
4 0.21250000000000008 0.9390625 0.08437500000000012 0.9390625 0.08437500000000012 0.9546875 0.21250000000000008 0.9546875
4 0.2078125000000001 0.9234375 0.08593750000000011 0.9234375 0.08593750000000011 0.940625 0.2078125000000001 0.940625
4 0.2140625000000001 0.9078125 0.08281250000000011 0.9078125 0.08281250000000011 0.9234375 0.2140625000000001 0.9234375
4 0.21093750000000008 0.890625 0.0875000000000001 0.890625 0.0875000000000001 0.90625 0.21093750000000008 0.90625
4 0.2218750000000001 0.871875 0.08437500000000012 0.871875 0.08437500000000012 0.8875 0.2218750000000001 0.8875
4 0.4546875000000002 0.9390625 0.3203125000000001 0.9390625 0.3203125000000001 0.953125 0.4546875000000002 0.953125
4 0.46093750000000017 0.921875 0.3281250000000001 0.921875 0.3281250000000001 0.9390625 0.46093750000000017 0.9390625
4 0.45312500000000017 0.909375 0.3281250000000001 0.909375 0.3281250000000001 0.921875 0.45312500000000017 0.921875
4 0.4578125000000002 0.8890625 0.3265625000000001 0.8890625 0.3265625000000001 0.9046875 0.4578125000000002 0.9046875
4 0.4437500000000002 0.8734375 0.3265625000000001 0.8734375 0.3265625000000001 0.8890625 0.4437500000000002 0.8890625
4 0.7062500000000002 0.9390625 0.5687500000000002 0.9390625 0.5687500000000002 0.953125 0.7062500000000002 0.953125
4 0.7046875000000001 0.9234375 0.5687500000000002 0.9234375 0.5687500000000002 0.9390625 0.7046875000000001 0.9390625
4 0.6953125000000002 0.9046875 0.5718750000000001 0.9046875 0.5718750000000001 0.9234375 0.6953125000000002 0.9234375
4 0.6921875000000002 0.8875 0.5671875000000002 0.8875 0.5671875000000002 0.9015625 0.6921875000000002 0.9015625
4 0.7093750000000002 0.8703125 0.5656250000000002 0.8703125 0.5656250000000002 0.8859375 0.7093750000000002 0.8859375
4 0.93125 0.940625 0.809375 0.940625 0.809375 0.9546875 0.93125 0.9546875
4 0.9328125 0.925 0.80625 0.925 0.80625 0.9390625 0.9328125 0.9390625
4 0.934375 0.90625 0.809375 0.90625 0.809375 0.921875 0.934375 0.921875
4 0.93125 0.8890625 0.809375 0.8890625 0.809375 0.9046875 0.93125 0.9046875
4 0.9328125 0.86875 0.8078125 0.86875 0.8078125 0.8890625 0.9328125 0.8890625