5 0.2156250000000001 0.384375 0.08750000000000005 0.384375 0.08750000000000005 0.4 0.2156250000000001 0.4
5 0.2218750000000001 0.3671875 0.08281250000000004 0.3671875 0.08281250000000004 0.3859375 0.2218750000000001 0.3859375
5 0.21562500000000004 0.353125 0.08437500000000005 0.353125 0.08437500000000005 0.36875 0.2156250000000001 0.36875
5 0.2171875 0.3359375 0.08281250000000004 0.3359375 0.08281250000000004 0.3546875 0.2171875 0.3546875
5 0.2171875 0.3171875 0.08281250000000004 0.3171875 0.08281250000000004 0.334375 0.2171875 0.334375
5 0.2140625000000001 0.5 0.08906250000000007 0.5 0.08906250000000007 0.515625 0.2140625000000001 0.515625
5 0.2171875000000001 0.4796875 0.08906250000000007 0.4796875 0.08906250000000007 0.4984375 0.2171875000000001 0.4984375
5 0.22656250000000008 0.459375 0.08437500000000006 0.459375 0.08437500000000006 0.4828125 0.22656250000000008 0.4828125
5 0.22031250000000008 0.4421875 0.08593750000000004 0.4421875 0.08593750000000006 0.459375 0.22031250000000008 0.459375
5 0.2156250000000001 0.428125 0.08593750000000004 0.428125 0.08593750000000004 0.4421875 0.2156250000000001 0.4421875
5 0.21875000000000008 0.60625 0.08750000000000006 0.60625 0.08750000000000006 0.6265625 0.21875000000000008 0.6265625
5 0.2171875000000001 0.5890625 0.08437500000000006 0.5890625 0.08437500000000006 0.6046875 0.2171875000000001 0.6046875
5 0.2156250000000001 0.575 0.08750000000000006 0.575 0.08750000000000006 0.5890625 0.2156250000000001 0.5890625
5 0.21875000000000008 0.5578125 0.08750000000000006 0.5578125 0.08750000000000006 0.5703125 0.21875000000000008 0.5703125
5 0.2156250000000001 0.5390625 0.08125000000000007 0.5390625 0.08125000000000007 0.5546875 0.2156250000000001 0.5546875
5 0.22656250000000008 0.71875 0.08750000000000009 0.71875 0.08750000000000009 0.7328125 0.22656250000000008 0.7328125
5 0.2218750000000001 0.7015625 0.08906250000000009 0.7015625 0.08906250000000009 0.715625 0.2218750000000001 0.715625
5 0.21875000000000008 0.684375 0.0906250000000001 0.684375 0.0906250000000001 0.7 0.21875000000000008 0.7
5 0.21875000000000008 0.6671875 0.09218750000000009 0.6671875 0.09218750000000009 0.6859375 0.21875000000000008 0.6859375
5 0.2218750000000001 0.6515625 0.08593750000000008 0.6515625 0.08593750000000008 0.665625 0.2218750000000001 0.665625
5 0.2156250000000001 0.828125 0.08593750000000011 0.828125 0.08593750000000011 0.8453125 0.2156250000000001 0.8453125
5 0.2156250000000001 0.8109375 0.08593750000000008 0.8109375 0.0859375000000001 0.8265625 0.2156250000000001 0.8265625
5 0.2140625000000001 0.79375 0.08593750000000008 0.79375 0.08593750000000008 0.8125 0.2140625000000001 0.8125
5 0.2140625000000001 0.7765625 0.08593750000000008 0.7765625 0.08593750000000008 0.7921875 0.2140625000000001 0.7921875
5 0.2156250000000001 0.7609375 0.08593750000000008 0.7609375 0.08593750000000008 0.775 0.2156250000000001 0.775
5 0.22031250000000008 0.9390625 0.08906250000000011 0.9390625 0.08906250000000011 0.9578125 0.22031250000000008 0.9578125
5 0.22031250000000008 0.921875 0.08593750000000011 0.921875 0.08593750000000011 0.940625 0.22031250000000008 0.940625
5 0.21875000000000008 0.9046875 0.0875000000000001 0.9046875 0.0875000000000001 0.9234375 0.21875000000000008 0.9234375
5 0.2156250000000001 0.8890625 0.0875000000000001 0.8890625 0.0875000000000001 0.9046875 0.2156250000000001 0.9046875
5 0.2156250000000001 0.8703125 0.08437500000000012 0.8703125 0.08437500000000012 0.8890625 0.2156250000000001 0.8890625
5 0.4578125000000002 0.9375 0.3296875000000001 0.9375 0.3296875000000001 0.9578125 0.4578125000000002 0.9578125
5 0.45625000000000016 0.9234375 0.33281250000000007 0.9234375 0.33281250000000007 0.9390625 0.45625000000000016 0.9390625
5 0.4578125000000002 0.903125 0.3296875000000001 0.903125 0.3296875000000001 0.925 0.4578125000000002 0.925
5 0.46093750000000017 0.890625 0.3281250000000001 0.890625 0.3281250000000001 0.90625 0.46093750000000017 0.90625
5 0.4593750000000002 0.8703125 0.3296875000000001 0.8703125 0.3296875000000001 0.8890625 0.4593750000000002 0.8890625
5 0.4578125000000002 0.8296875 0.3296875000000001 0.8296875 0.3296875000000001 0.85 0.4578125000000002 0.85
5 0.4593750000000002 0.8125 0.3281250000000001 0.8125 0.3281250000000001 0.8265625 0.4593750000000002 0.8265625
5 0.4593750000000002 0.796875 0.3281250000000001 0.796875 0.3281250000000001 0.8078125 0.4593750000000002 0.8078125
5 0.4593750000000002 0.7796875 0.3281250000000001 0.7796875 0.3281250000000001 0.7921875 0.4593750000000002 0.7921875
5 0.45312500000000017 0.7640625 0.3281250000000001 0.7640625 0.3281250000000001 0.775 0.45312500000000017 0.775
5 0.4562500000000001 0.7203125 0.3265625000000001 0.7203125 0.3265625000000001 0.740625 0.45625000000000016 0.740625
5 0.4625 0.7 0.3312500000000001 0.7 0.3312500000000001 0.715625 0.4625 0.715625
5 0.459375 0.6828125 0.3296875000000001 0.6828125 0.3296875000000001 0.6984375 0.459375 0.6984375
5 0.465625 0.665625 0.3265625000000001 0.665625 0.3265625000000001 0.68125 0.465625 0.68125
5 0.4609375 0.65 0.3281250000000001 0.65 0.3281250000000001 0.6640625 0.4609375 0.6640625
5 0.4546875 0.6078125 0.3281250000000001 0.6078125 0.3281250000000001 0.628125 0.4546875 0.628125
5 0.465625 0.5921875 0.3265625000000001 0.5921875 0.3265625000000001 0.6015625 0.465625 0.6015625
5 0.45625 0.5734375 0.3312500000000001 0.5734375 0.3312500000000001 0.5875 0.45625 0.5875
5 0.4546875 0.559375 0.3359375000000001 0.559375 0.3359375000000001 0.56875 0.4546875 0.56875
5 0.4578125 0.5359375 0.3296875000000001 0.5359375 0.3296875000000001 0.5546875 0.4578125 0.5546875
5 0.4609375 0.4984375 0.3296875000000001 0.4984375 0.3296875000000001 0.5125 0.4609375 0.5125
5 0.4625 0.478125 0.3281250000000001 0.478125 0.3281250000000001 0.490625 0.4625 0.490625
5 0.453125 0.4625 0.3312500000000001 0.4625 0.3312500000000001 0.475 0.453125 0.475
5 0.453125 0.4421875 0.3296875000000001 0.4421875 0.3296875000000001 0.4609375 0.453125 0.4609375
5 0.459375 0.4265625 0.3312500000000001 0.4265625 0.3312500000000001 0.4421875 0.459375 0.4421875
5 0.4609375 0.35000000000000003 0.3296875 0.35 0.3296875 0.36562500000000003 0.4609375 0.3656250000000001
5 0.4609375 0.33437500000000003 0.3296875 0.334375 0.3296875 0.35000000000000003 0.4609375 0.3500000000000001
5 0.459375 0.31562500000000004 0.328125 0.315625 0.328125 0.33281250000000007 0.459375 0.33281250000000007
5 0.459375 0.38906250000000003 0.3281250000000001 0.3890625 0.3281250000000001 0.4015625 0.459375 0.4015625
5 0.4609375 0.36562500000000003 0.3312500000000001 0.365625 0.3312500000000001 0.38281250000000006 0.4609375 0.3828125000000001
5 0.696875 0.3500000000000001 0.56875 0.3500000000000001 0.56875 0.3687500000000001 0.696875 0.3687500000000001
5 0.7015625 0.33281250000000007 0.56875 0.33281250000000007 0.56875 0.3515625000000001 0.7015625 0.3515625000000001
5 0.6984375 0.3156250000000001 0.5703125 0.3156250000000001 0.5703125 0.33281250000000007 0.6984375 0.33281250000000007
5 0.6984375 0.3859375000000001 0.571875 0.3859375000000001 0.571875 0.3984375000000001 0.6984375 0.3984375000000001
5 0.696875 0.3656250000000001 0.571875 0.3656250000000001 0.571875 0.3828125000000001 0.696875 0.3828125000000001
5 0.940625 0.3828125000000001 0.8109375 0.3828125000000001 0.8109375 0.40156250000000016 0.940625 0.40156250000000016
5 0.940625 0.3656250000000001 0.8078125 0.3656250000000001 0.8078125 0.3843750000000001 0.940625 0.3843750000000001
5 0.9453125 0.3515625000000001 0.8109375 0.3515625000000001 0.8109375 0.3656250000000001 0.9453125 0.3656250000000001
5 0.940625 0.33281250000000007 0.8140625 0.33281250000000007 0.8140625 0.34843750000000007 0.940625 0.34843750000000007
5 0.9359375 0.3140625000000001 0.8109375 0.3140625000000001 0.8109375 0.3312500000000001 0.9359375 0.3312500000000001
5 0.7078125 0.4953125 0.56875 0.4953125 0.56875 0.509375 0.7078125 0.509375
5 0.7 0.4765625 0.56875 0.4765625 0.56875 0.4921875 0.7 0.4921875
5 0.6953125 0.4609375 0.56875 0.4609375 0.56875 0.4765625 0.6953125 0.4765625
5 0.7015625 0.44375 0.5734375 0.44375 0.5734375 0.4625 0.7015625 0.4625
5 0.7 0.4265625 0.5734375 0.4265625 0.5734375 0.440625 0.7 0.440625
5 0.7015625 0.60625 0.5703125 0.60625 0.5703125 0.621875 0.7015625 0.621875
5 0.696875 0.590625 0.56875 0.590625 0.56875 0.6046875 0.696875 0.6046875
5 0.703125 0.571875 0.5671875 0.571875 0.5671875 0.590625 0.703125 0.590625
5 0.696875 0.55625 0.56875 0.55625 0.56875 0.5703125 0.696875 0.5703125
5 0.6984375 0.5359375 0.5640625 0.5359375 0.5640625 0.5546875 0.6984375 0.5546875
5 0.7000000000000001 0.715625 0.5703125 0.715625 0.5703125000000001 0.7328125 0.7000000000000002 0.7328125
5 0.696875 0.7015625 0.5703125 0.7015625 0.5703125 0.7171875 0.696875 0.7171875
5 0.6953125 0.68125 0.5703125 0.68125 0.5703125 0.696875 0.6953125 0.696875
5 0.6984375 0.665625 0.5703125 0.665625 0.5703125 0.68125 0.6984375 0.68125
5 0.6953125 0.65 0.5703125 0.65 0.5703125 0.6640625 0.6953125 0.6640625
5 0.7031250000000002 0.8296875 0.5687500000000002 0.8296875 0.5687500000000002 0.84375 0.7031250000000002 0.84375
5 0.7000000000000002 0.8109375 0.5718750000000001 0.8109375 0.5718750000000001 0.8265625 0.7000000000000002 0.8265625
5 0.6984375000000002 0.7953125 0.5718750000000001 0.7953125 0.5718750000000001 0.815625 0.6984375000000002 0.815625
5 0.6984375000000002 0.778125 0.5703125000000002 0.778125 0.5703125000000002 0.79375 0.6984375000000002 0.79375
5 0.6984375000000002 0.7625 0.5687500000000002 0.7625 0.5687500000000002 0.775 0.6984375000000002 0.775
5 0.6984375000000002 0.934375 0.5687500000000002 0.934375 0.5687500000000002 0.9546875 0.6984375000000002 0.9546875
5 0.6968750000000001 0.91875 0.5640625000000001 0.91875 0.5640625000000001 0.9390625 0.6968750000000001 0.9390625
5 0.7015625000000002 0.903125 0.5671875000000002 0.903125 0.5671875000000002 0.9203125 0.7015625000000002 0.9203125
5 0.7000000000000002 0.8875 0.5718750000000001 0.8875 0.5718750000000001 0.9015625 0.7000000000000002 0.9015625
5 0.7000000000000002 0.8734375 0.5718750000000001 0.8734375 0.5718750000000001 0.8859375 0.7000000000000002 0.8859375
5 0.9421875 0.49218750000000017 0.8171875 0.49218750000000017 0.8171875 0.5109375000000002 0.9421875 0.5109375000000002
5 0.9375 0.4781250000000002 0.8125 0.4781250000000002 0.8125 0.4937500000000002 0.9375 0.4937500000000002
5 0.9375 0.4593750000000002 0.8140625 0.4593750000000002 0.8140625 0.47656250000000017 0.9375 0.47656250000000017
5 0.940625 0.44531250000000017 0.8171875 0.44531250000000017 0.8171875 0.4578125000000002 0.940625 0.4578125000000002
5 0.9390625 0.4265625000000002 0.8078125 0.4265625000000002 0.8078125 0.4421875000000002 0.9390625 0.4421875000000002
5 0.9375 0.6031250000000001 0.809375 0.6031250000000001 0.809375 0.6234375000000002 0.9375 0.6234375000000002
5 0.9359375 0.5890625000000002 0.8140625 0.5890625000000002 0.8140625 0.6062500000000002 0.9359375 0.6062500000000002
5 0.9359375 0.5703125000000002 0.8140625 0.5703125000000002 0.8140625 0.5859375000000002 0.9359375 0.5859375000000002
5 0.940625 0.5515625000000002 0.809375 0.5515625000000002 0.809375 0.5703125000000002 0.940625 0.5703125000000002
5 0.9390625 0.5359375000000002 0.8109375 0.5359375000000002 0.8109375 0.5515625000000002 0.9390625 0.5515625000000002
5 0.94375 0.825 0.809375 0.825 0.809375 0.85 0.94375 0.85
5 0.9359375 0.809375 0.8078125 0.809375 0.8078125 0.825 0.9359375 0.825
5 0.9359375 0.7921875000000002 0.809375 0.7921875000000002 0.809375 0.809375 0.9359375 0.809375
5 0.9421875 0.7750000000000001 0.8125 0.7750000000000001 0.8125 0.7906250000000001 0.9421875 0.7906250000000001
5 0.9359375 0.7531250000000002 0.8078125 0.7531250000000002 0.8078125 0.7734375000000002 0.9359375 0.7734375000000002
5 0.9375 0.7156250000000002 0.8046875 0.7156250000000002 0.8046875 0.7359375000000001 0.9375 0.7359375000000001
5 0.9359375 0.6984375000000002 0.809375 0.6984375000000002 0.809375 0.7187500000000002 0.9359375 0.7187500000000002
5 0.9375 0.6812500000000001 0.8140625 0.6812500000000001 0.8140625 0.7000000000000002 0.9375 0.7000000000000002
5 0.9359375 0.6625000000000002 0.815625 0.6625000000000002 0.815625 0.6843750000000002 0.9359375 0.6843750000000002
5 0.9390625 0.6437500000000002 0.8109375 0.6437500000000002 0.8109375 0.6625000000000002 0.9390625 0.6625000000000002
5 0.9375 0.9328125 0.8140625 0.9328125 0.8140625 0.9578125 0.9375 0.9578125
5 0.9359375 0.9171875 0.8125 0.9171875 0.8125 0.9375 0.9359375 0.9375
5 0.9375 0.903125 0.8125 0.903125 0.8125 0.921875 0.9375 0.921875
5 0.94375 0.8859375 0.8125 0.8859375 0.8125 0.9015625 0.94375 0.9015625
5 0.9375 0.8703125 0.8125 0.8703125 0.8125 0.8859375 0.9375 0.8859375