1 0.22031250000000008 0.3859375 0.08750000000000005 0.3859375 0.08750000000000005 0.4046875 0.22031250000000008 0.4046875
1 0.2156250000000001 0.36875 0.08593750000000004 0.36875 0.08593750000000004 0.384375 0.2156250000000001 0.384375
1 0.21250000000000005 0.353125 0.08750000000000005 0.353125 0.08750000000000005 0.3671875 0.21250000000000008 0.3671875
1 0.215625 0.3328125 0.08125000000000004 0.3328125 0.08125000000000004 0.3515625 0.215625 0.3515625
1 0.215625 0.31875 0.09218750000000005 0.31875 0.09218750000000005 0.334375 0.215625 0.334375
1 0.21093750000000008 0.4984375 0.08593750000000007 0.4984375 0.08593750000000007 0.5140625 0.21093750000000008 0.5140625
1 0.21250000000000008 0.478125 0.08750000000000006 0.478125 0.08750000000000006 0.4953125 0.21250000000000008 0.4953125
1 0.2171875000000001 0.4625 0.08750000000000006 0.4625 0.08750000000000006 0.478125 0.2171875000000001 0.478125
1 0.2218750000000001 0.4453125 0.08750000000000005 0.4453125 0.08750000000000005 0.4609375 0.2218750000000001 0.4609375
1 0.22656250000000008 0.4296875 0.08281250000000004 0.4296875 0.08281250000000004 0.440625 0.22656250000000008 0.440625
1 0.2140625000000001 0.6078125 0.08750000000000006 0.6078125 0.08750000000000006 0.6234375 0.2140625000000001 0.6234375
1 0.2140625000000001 0.5875 0.08750000000000006 0.5875 0.08750000000000006 0.6046875 0.2140625000000001 0.6046875
1 0.2140625000000001 0.5734375 0.09062500000000007 0.5734375 0.09062500000000007 0.5890625 0.2140625000000001 0.5890625
1 0.2156250000000001 0.55625 0.08437500000000006 0.55625 0.08437500000000006 0.5703125 0.2156250000000001 0.5703125
1 0.2140625000000001 0.5390625 0.08437500000000006 0.5390625 0.08437500000000006 0.553125 0.2140625000000001 0.553125
1 0.21250000000000008 0.7203125 0.08750000000000009 0.7203125 0.08750000000000009 0.7328125 0.21250000000000008 0.7328125
1 0.2156250000000001 0.7 0.08906250000000009 0.7 0.08906250000000009 0.7171875 0.2156250000000001 0.7171875
1 0.2156250000000001 0.684375 0.08906250000000009 0.684375 0.08906250000000009 0.7 0.2156250000000001 0.7
1 0.2140625000000001 0.66875 0.08906250000000009 0.66875 0.08906250000000009 0.6828125 0.2140625000000001 0.6828125
1 0.21093750000000008 0.65 0.08750000000000009 0.65 0.08750000000000009 0.6625 0.21093750000000008 0.6625
1 0.2140625000000001 0.828125 0.0875000000000001 0.828125 0.0875000000000001 0.85 0.2140625000000001 0.85
1 0.2156250000000001 0.8125 0.08437500000000009 0.8125 0.0843750000000001 0.83125 0.2156250000000001 0.83125
1 0.2156250000000001 0.7953125 0.08437500000000009 0.7953125 0.08437500000000009 0.8125 0.2156250000000001 0.8125
1 0.22031250000000008 0.778125 0.08750000000000009 0.778125 0.08750000000000009 0.7890625 0.22031250000000008 0.7890625
1 0.2156250000000001 0.7609375 0.08750000000000009 0.7609375 0.08750000000000009 0.7734375 0.2156250000000001 0.7734375
1 0.2171875000000001 0.9390625 0.0875000000000001 0.9390625 0.0875000000000001 0.9546875 0.2171875000000001 0.9546875
1 0.2156250000000001 0.921875 0.09375000000000011 0.921875 0.09375000000000011 0.9390625 0.2156250000000001 0.9390625
1 0.2140625000000001 0.9046875 0.08593750000000011 0.9046875 0.08593750000000011 0.9203125 0.2140625000000001 0.9203125
1 0.2140625000000001 0.890625 0.08906250000000011 0.890625 0.08906250000000011 0.903125 0.2140625000000001 0.903125
1 0.21250000000000008 0.8703125 0.09062500000000011 0.8703125 0.09062500000000011 0.8890625 0.21250000000000008 0.8890625
1 0.46093750000000017 0.940625 0.3281250000000001 0.940625 0.3281250000000001 0.9546875 0.46093750000000017 0.9546875
1 0.4578125000000002 0.921875 0.3281250000000001 0.921875 0.3281250000000001 0.940625 0.4578125000000002 0.940625
1 0.4546875000000002 0.90625 0.3296875000000001 0.90625 0.3296875000000001 0.925 0.4546875000000002 0.925
1 0.4546875000000002 0.8875 0.3296875000000001 0.8875 0.3296875000000001 0.903125 0.4546875000000002 0.903125
1 0.4546875000000002 0.8703125 0.3281250000000001 0.8703125 0.3281250000000001 0.884375 0.4546875000000002 0.884375
1 0.4515625000000002 0.83125 0.3281250000000001 0.83125 0.3281250000000001 0.8421875 0.4515625000000002 0.8421875
1 0.45625000000000016 0.8109375 0.3296875000000001 0.8109375 0.3296875000000001 0.8234375 0.45625000000000016 0.8234375
1 0.4500000000000002 0.7953125 0.3296875000000001 0.7953125 0.3296875000000001 0.809375 0.4500000000000002 0.809375
1 0.45312500000000017 0.778125 0.3265625000000001 0.778125 0.3265625000000001 0.7890625 0.45312500000000017 0.7890625
1 0.45312500000000017 0.7609375 0.3312500000000001 0.7609375 0.3312500000000001 0.778125 0.45312500000000017 0.778125
1 0.45000000000000007 0.71875 0.3296875000000001 0.71875 0.3296875000000001 0.734375 0.4500000000000002 0.734375
1 0.4546875 0.7 0.3312500000000001 0.7 0.3312500000000001 0.7140625 0.4546875 0.7140625
1 0.45 0.6828125 0.3296875000000001 0.6828125 0.3296875000000001 0.696875 0.45 0.696875
1 0.4546875 0.6671875 0.3359375000000001 0.6671875 0.3359375000000001 0.68125 0.4546875 0.68125
1 0.45 0.65 0.3281250000000001 0.65 0.3281250000000001 0.6640625 0.45 0.6640625
1 0.4515625 0.60625 0.3312500000000001 0.60625 0.3312500000000001 0.621875 0.4515625 0.621875
1 0.4484375 0.590625 0.3281250000000001 0.590625 0.3281250000000001 0.6015625 0.4484375 0.6015625
1 0.453125 0.571875 0.3343750000000001 0.571875 0.3343750000000001 0.5875 0.453125 0.5875
1 0.45 0.55625 0.3296875000000001 0.55625 0.3296875000000001 0.5671875 0.45 0.5671875
1 0.45 0.5359375 0.3359375000000001 0.5359375 0.3359375000000001 0.553125 0.45 0.553125
1 0.453125 0.496875 0.32500000000000007 0.496875 0.32500000000000007 0.5078125 0.453125 0.5078125
1 0.4546875 0.48125 0.3265625000000001 0.48125 0.3265625000000001 0.490625 0.4546875 0.490625
1 0.4515625 0.4625 0.3265625000000001 0.4625 0.3265625000000001 0.475 0.4515625 0.475
1 0.4484375 0.44375 0.3312500000000001 0.44375 0.3312500000000001 0.4578125 0.4484375 0.4578125
1 0.453125 0.425 0.32500000000000007 0.425 0.32500000000000007 0.440625 0.453125 0.440625
1 0.6984375 0.490625 0.571875 0.490625 0.571875 0.5109375 0.6984375 0.5109375
1 0.69375 0.478125 0.571875 0.478125 0.571875 0.49375 0.69375 0.49375
1 0.7015625 0.4625 0.5703125 0.4625 0.5703125 0.4765625 0.7015625 0.4765625
1 0.7 0.4421875 0.56875 0.4421875 0.56875 0.4578125 0.7 0.4578125
1 0.69375 0.4265625 0.5703125 0.4265625 0.5703125 0.440625 0.69375 0.440625
1 0.703125 0.6046875 0.56875 0.6046875 0.56875 0.621875 0.703125 0.621875
1 0.70625 0.5890625 0.5671875 0.5890625 0.5671875 0.6015625 0.70625 0.6015625
1 0.7015625 0.5703125 0.5703125 0.5703125 0.5703125 0.5859375 0.7015625 0.5859375
1 0.6953125 0.5546875 0.5765625 0.5546875 0.5765625 0.5671875 0.6953125 0.5671875
1 0.6953125 0.534375 0.5703125 0.534375 0.5703125 0.553125 0.6953125 0.553125
1 0.7000000000000001 0.7171875 0.5703125 0.7171875 0.5703125000000001 0.7328125 0.7000000000000002 0.7328125
1 0.69375 0.69375 0.5703125 0.69375 0.5703125 0.7140625 0.69375 0.7140625
1 0.7078125 0.68125 0.5671875 0.68125 0.5671875 0.69375 0.7078125 0.69375
1 0.7109375 0.665625 0.56875 0.665625 0.56875 0.6828125 0.7109375 0.6828125
1 0.703125 0.6484375 0.5640625 0.6484375 0.5640625 0.6609375 0.703125 0.6609375
1 0.6937500000000002 0.828125 0.5718750000000001 0.828125 0.5718750000000001 0.8453125 0.6937500000000002 0.8453125
1 0.6953125000000002 0.8109375 0.5703125000000002 0.8109375 0.5703125000000002 0.825 0.6953125000000002 0.825
1 0.6968750000000001 0.7953125 0.5703125000000002 0.7953125 0.5703125000000002 0.80625 0.6968750000000001 0.80625
1 0.6968750000000001 0.7765625 0.5718750000000001 0.7765625 0.5718750000000001 0.7921875 0.6968750000000001 0.7921875
1 0.7015625000000002 0.7609375 0.5687500000000002 0.7609375 0.5687500000000002 0.775 0.7015625000000002 0.775
1 0.7015625000000002 0.9390625 0.5703125000000002 0.9390625 0.5703125000000002 0.953125 0.7015625000000002 0.953125
1 0.6937500000000002 0.921875 0.5687500000000002 0.921875 0.5687500000000002 0.9359375 0.6937500000000002 0.9359375
1 0.6937500000000002 0.903125 0.5687500000000002 0.903125 0.5687500000000002 0.91875 0.6937500000000002 0.91875
1 0.6968750000000001 0.8875 0.5718750000000001 0.8875 0.5718750000000001 0.9015625 0.6968750000000001 0.9015625
1 0.7000000000000002 0.86875 0.5734375000000002 0.86875 0.5734375000000002 0.884375 0.7000000000000002 0.884375
1 0.934375 0.9375 0.8125 0.9375 0.8125 0.9515625 0.934375 0.9515625
1 0.934375 0.9203125 0.8109375 0.9203125 0.8109375 0.934375 0.934375 0.934375
1 0.934375 0.9046875 0.8109375 0.9046875 0.8109375 0.91875 0.934375 0.91875
1 0.9328125 0.8859375 0.8109375 0.8859375 0.8109375 0.9015625 0.9328125 0.9015625
1 0.9359375 0.86875 0.8109375 0.86875 0.8109375 0.884375 0.9359375 0.884375
1 0.934375 0.8234375 0.8125 0.8234375 0.8125 0.84375 0.934375 0.84375
1 0.9375 0.809375 0.8078125 0.809375 0.8078125 0.821875 0.9375 0.821875
1 0.9328125 0.7937500000000002 0.8140625 0.7937500000000002 0.8140625 0.80625 0.9328125 0.80625
1 0.934375 0.7750000000000001 0.8125 0.7750000000000001 0.8125 0.7937500000000002 0.934375 0.7937500000000002
1 0.934375 0.7562500000000002 0.8125 0.7562500000000002 0.8125 0.7718750000000002 0.934375 0.7718750000000002
1 0.9375 0.4937500000000002 0.80625 0.4937500000000002 0.80625 0.5046875000000002 0.9375 0.5046875000000002
1 0.9375 0.47656250000000017 0.809375 0.47656250000000017 0.809375 0.48750000000000016 0.9375 0.48750000000000016
1 0.93125 0.4578125000000002 0.8140625 0.4578125000000002 0.8140625 0.4734375000000002 0.93125 0.4734375000000002
1 0.934375 0.4421875000000002 0.8125 0.4421875000000002 0.8125 0.45625000000000016 0.934375 0.45625000000000016
1 0.9359375 0.4234375000000002 0.809375 0.4234375000000002 0.809375 0.4390625000000002 0.9359375 0.4390625000000002
1 0.934375 0.6031250000000001 0.809375 0.6031250000000001 0.809375 0.6187500000000001 0.934375 0.6187500000000001
1 0.9375 0.5875000000000001 0.8140625 0.5875000000000001 0.8140625 0.6015625000000002 0.9375 0.6015625000000002
1 0.9375 0.5703125000000002 0.80625 0.5703125000000002 0.80625 0.5859375000000002 0.9375 0.5859375000000002
1 0.934375 0.5531250000000002 0.8109375 0.5531250000000002 0.8109375 0.5703125000000002 0.934375 0.5703125000000002
1 0.9328125 0.5359375000000002 0.8109375 0.5359375000000002 0.8109375 0.5500000000000002 0.9328125 0.5500000000000002
1 0.934375 0.7140625000000002 0.809375 0.7140625000000002 0.809375 0.7312500000000002 0.934375 0.7312500000000002
1 0.9359375 0.6984375000000002 0.8140625 0.6984375000000002 0.8140625 0.7109375000000002 0.9359375 0.7109375000000002
1 0.9375 0.6812500000000001 0.8125 0.6812500000000001 0.8125 0.6968750000000001 0.9375 0.6968750000000001
1 0.934375 0.6625000000000002 0.8125 0.6625000000000002 0.8125 0.6796875000000002 0.934375 0.6796875000000002
1 0.9375 0.6453125000000002 0.8109375 0.6453125000000002 0.8109375 0.6640625000000002 0.9375 0.6640625000000002
1 0.4578125 0.38593750000000004 0.3281250000000001 0.3859375 0.3281250000000001 0.4015625 0.4578125 0.4015625
1 0.4578125 0.36406250000000007 0.3281250000000001 0.3640625 0.3281250000000001 0.38593750000000004 0.4578125 0.3859375000000001
1 0.4578125 0.34843750000000007 0.33125 0.3484375 0.33125000000000004 0.37031250000000004 0.4578125 0.3703125000000001
1 0.4546875 0.33125000000000004 0.325 0.33125 0.325 0.34687500000000004 0.4546875 0.3468750000000001
1 0.4546875 0.31718750000000007 0.334375 0.3171875 0.334375 0.33281250000000007 0.4546875 0.33281250000000007
1 0.7015625 0.3843750000000001 0.5703125 0.3843750000000001 0.5703125 0.4015625 0.7015625 0.4015625
1 0.696875 0.3656250000000001 0.5703125 0.3656250000000001 0.5703125 0.3812500000000001 0.696875 0.3812500000000001
1 0.6984375 0.3500000000000001 0.5703125 0.3500000000000001 0.5703125 0.36406250000000007 0.6984375 0.36406250000000007
1 0.69375 0.33281250000000007 0.5734375 0.33281250000000007 0.5734375 0.34843750000000007 0.69375 0.34843750000000007
1 0.6984375 0.3156250000000001 0.56875 0.3156250000000001 0.56875 0.3296875000000001 0.6984375 0.3296875000000001
1 0.9375 0.37968750000000007 0.8125 0.37968750000000007 0.8125 0.3968750000000001 0.9375 0.3968750000000001
1 0.9390625 0.3656250000000001 0.8125 0.3656250000000001 0.8125 0.37968750000000007 0.9390625 0.37968750000000007
1 0.934375 0.34843750000000007 0.8125 0.34843750000000007 0.8125 0.36406250000000007 0.934375 0.36406250000000007
1 0.9375 0.3312500000000001 0.8109375 0.3312500000000001 0.8109375 0.3453125000000001 0.9375 0.3453125000000001
1 0.9375 0.3156250000000001 0.809375 0.3156250000000001 0.809375 0.3296875000000001 0.9375 0.3296875000000001