4 0.2203125 0.3421875 0.08437500000000005 0.3421875 0.08437500000000005 0.359375 0.2203125 0.359375
2 0.2171875 0.328125 0.08593750000000004 0.328125 0.08593750000000004 0.3421875 0.2171875 0.3421875
0 0.2140625 0.309375 0.08593750000000004 0.309375 0.08593750000000004 0.328125 0.2140625 0.328125
1 0.2312500000000001 0.378125 0.07812500000000004 0.378125 0.07812500000000004 0.3953125 0.2312500000000001 0.3953125
2 0.22187500000000004 0.3625 0.08750000000000005 0.3625 0.08750000000000005 0.3765625 0.2218750000000001 0.3765625
3 0.2218750000000001 0.41875 0.08906250000000004 0.41875 0.08906250000000004 0.4359375 0.2218750000000001 0.4359375
0 0.21875000000000008 0.4890625 0.09062500000000007 0.4890625 0.09062500000000007 0.5078125 0.21875000000000008 0.5078125
2 0.2234375000000001 0.471875 0.08750000000000006 0.471875 0.08750000000000006 0.4890625 0.2234375000000001 0.4890625
4 0.22656250000000008 0.4546875 0.08750000000000006 0.4546875 0.08750000000000006 0.471875 0.22656250000000008 0.471875
0 0.2234375000000001 0.4390625 0.08750000000000005 0.4390625 0.08750000000000005 0.453125 0.2234375000000001 0.453125
0 0.2234375000000001 0.5671875 0.08906250000000007 0.5671875 0.08906250000000007 0.58125 0.2234375000000001 0.58125
2 0.21875000000000008 0.55 0.08750000000000006 0.55 0.08750000000000006 0.5640625 0.21875000000000008 0.5640625
4 0.2250000000000001 0.5328125 0.08750000000000006 0.5328125 0.08750000000000006 0.55 0.2250000000000001 0.55
1 0.2234375000000001 0.6015625 0.09218750000000006 0.6015625 0.09218750000000006 0.6171875 0.2234375000000001 0.6171875
4 0.23593750000000008 0.7125 0.08906250000000009 0.7125 0.08906250000000009 0.728125 0.23593750000000008 0.728125
1 0.22656250000000008 0.696875 0.0906250000000001 0.696875 0.0906250000000001 0.7125 0.22656250000000008 0.7125
3 0.2218750000000001 0.678125 0.09687500000000009 0.678125 0.09687500000000009 0.6984375 0.2218750000000001 0.6984375
1 0.2218750000000001 0.6625 0.09218750000000009 0.6625 0.09218750000000009 0.6765625 0.2218750000000001 0.6765625
1 0.23437500000000008 0.825 0.09062500000000011 0.825 0.09062500000000011 0.840625 0.23437500000000008 0.840625
4 0.22656250000000008 0.80625 0.0906250000000001 0.80625 0.0906250000000001 0.8234375 0.22656250000000008 0.8234375
0 0.2296875000000001 0.790625 0.08906250000000009 0.790625 0.08906250000000009 0.80625 0.2296875000000001 0.80625
4 0.2250000000000001 0.7734375 0.09375000000000008 0.7734375 0.09375000000000008 0.7890625 0.2250000000000001 0.7890625
1 0.2234375000000001 0.7515625 0.08750000000000009 0.7515625 0.08750000000000009 0.7703125 0.2234375000000001 0.7703125
4 0.23593750000000008 0.934375 0.09375000000000011 0.934375 0.09375000000000011 0.9484375 0.23593750000000008 0.9484375
1 0.22812500000000008 0.9171875 0.09218750000000012 0.9171875 0.09218750000000012 0.9328125 0.22812500000000008 0.9328125
4 0.2312500000000001 0.9 0.09375000000000011 0.9 0.09375000000000011 0.9203125 0.2312500000000001 0.9203125
2 0.22656250000000008 0.884375 0.09062500000000011 0.884375 0.09062500000000011 0.9 0.22656250000000008 0.9
0 0.23437500000000008 0.8671875 0.09062500000000011 0.8671875 0.09062500000000011 0.8859375 0.23437500000000008 0.8859375
2 0.4640625 0.37812500000000004 0.3296875000000001 0.378125 0.3296875000000001 0.39531250000000007 0.4640625 0.39531250000000007
4 0.4671875 0.36250000000000004 0.328125 0.3625 0.32812500000000006 0.37812500000000004 0.4671875 0.3781250000000001
0 0.471875 0.3453125 0.3328125 0.3453125 0.3328125 0.3609375 0.471875 0.3609375000000001
2 0.4625 0.32656250000000003 0.3265625 0.3265625 0.3265625 0.3453125 0.4625 0.3453125000000001
4 0.4671875 0.31093750000000003 0.33125 0.3109375 0.33125 0.32656250000000003 0.4671875 0.3265625000000001
2 0.4640625 0.4859375 0.3296875000000001 0.4859375 0.3296875000000001 0.5046875 0.4640625 0.5046875
1 0.4734375 0.46875 0.3312500000000001 0.46875 0.3312500000000001 0.4859375 0.4734375 0.4859375
4 0.4625 0.45625 0.3343750000000001 0.45625 0.3343750000000001 0.471875 0.4625 0.471875
0 0.4671875 0.4390625 0.3312500000000001 0.4390625 0.3312500000000001 0.45 0.4671875 0.45
4 0.459375 0.421875 0.3296875000000001 0.421875 0.3296875000000001 0.4390625 0.459375 0.4390625
2 0.46875 0.5984375 0.3296875000000001 0.5984375 0.3296875000000001 0.615625 0.46875 0.615625
4 0.4671875 0.584375 0.3343750000000001 0.584375 0.3343750000000001 0.6015625 0.4671875 0.6015625
0 0.4671875 0.56875 0.3265625000000001 0.56875 0.3265625000000001 0.58125 0.4671875 0.58125
4 0.46875 0.55 0.3296875000000001 0.55 0.3296875000000001 0.565625 0.46875 0.565625
3 0.465625 0.53125 0.3281250000000001 0.53125 0.3281250000000001 0.546875 0.465625 0.546875
4 0.4640625000000001 0.7109375 0.33281250000000007 0.7109375 0.33281250000000007 0.7296875 0.46406250000000016 0.7296875
4 0.471875 0.6953125 0.3312500000000001 0.6953125 0.3312500000000001 0.7109375 0.471875 0.7109375
3 0.4734375 0.6765625 0.3312500000000001 0.6765625 0.3312500000000001 0.69375 0.4734375 0.69375
1 0.4671875 0.6625 0.3343750000000001 0.6625 0.3343750000000001 0.678125 0.4671875 0.678125
0 0.465625 0.6421875 0.33281250000000007 0.6421875 0.33281250000000007 0.6609375 0.465625 0.6609375
0 0.4671875000000002 0.821875 0.3343750000000001 0.821875 0.3343750000000001 0.8390625 0.4671875000000002 0.8390625
4 0.4671875000000002 0.8046875 0.3312500000000001 0.8046875 0.3312500000000001 0.8234375 0.4671875000000002 0.8234375
3 0.4671875000000002 0.790625 0.3343750000000001 0.790625 0.3343750000000001 0.8046875 0.4671875000000002 0.8046875
1 0.4593750000000002 0.7734375 0.3359375000000001 0.7734375 0.3359375000000001 0.790625 0.4593750000000002 0.790625
4 0.4625000000000002 0.7578125 0.3343750000000001 0.7578125 0.3343750000000001 0.76875 0.4625000000000002 0.76875
1 0.4671875000000002 0.9 0.3375000000000001 0.9 0.3375000000000001 0.915625 0.4671875000000002 0.915625
4 0.4703125000000002 0.8859375 0.3375000000000001 0.8859375 0.3375000000000001 0.896875 0.4703125000000002 0.896875
3 0.4656250000000002 0.865625 0.3359375000000001 0.865625 0.3359375000000001 0.88125 0.4656250000000002 0.88125
1 0.4671875000000002 0.9359375 0.3375000000000001 0.9359375 0.3375000000000001 0.9515625 0.4671875000000002 0.9515625
3 0.46406250000000016 0.91875 0.3390625000000001 0.91875 0.3390625000000001 0.934375 0.46406250000000016 0.934375
4 0.7062500000000002 0.9328125 0.5781250000000002 0.9328125 0.5781250000000002 0.9515625 0.7062500000000002 0.9515625
1 0.7031250000000002 0.9171875 0.5765625000000002 0.9171875 0.5765625000000002 0.9296875 0.7031250000000002 0.9296875
4 0.7078125000000002 0.9 0.5765625000000002 0.9 0.5765625000000002 0.915625 0.7078125000000002 0.915625
0 0.7062500000000002 0.8828125 0.5718750000000001 0.8828125 0.5718750000000001 0.8953125 0.7062500000000002 0.8953125
4 0.7156250000000002 0.8640625 0.5781250000000002 0.8640625 0.5781250000000002 0.88125 0.7156250000000002 0.88125
0 0.7000000000000002 0.8234375 0.5750000000000002 0.8234375 0.5750000000000002 0.8375 0.7000000000000002 0.8375
4 0.6984375000000002 0.80625 0.5781250000000002 0.80625 0.5781250000000002 0.81875 0.6984375000000002 0.81875
2 0.7000000000000002 0.7875 0.5765625000000002 0.7875 0.5765625000000002 0.8046875 0.7000000000000002 0.8046875
4 0.7031250000000002 0.771875 0.5718750000000001 0.771875 0.5718750000000001 0.784375 0.7031250000000002 0.784375
1 0.7046875000000001 0.7546875 0.5765625000000002 0.7546875 0.5765625000000002 0.76875 0.7046875000000001 0.76875
4 0.94375 0.9328125 0.8203125 0.9328125 0.8203125 0.946875 0.94375 0.946875
3 0.9421875 0.915625 0.821875 0.915625 0.821875 0.93125 0.9421875 0.93125
2 0.9421875 0.896875 0.81875 0.896875 0.81875 0.9125 0.9421875 0.9125
4 0.9453125 0.88125 0.821875 0.88125 0.821875 0.8953125 0.9453125 0.8953125
0 0.94375 0.8625 0.8203125 0.8625 0.8203125 0.8796875 0.94375 0.8796875
2 0.94375 0.8203125 0.8171875 0.8203125 0.8171875 0.8375 0.94375 0.8375
3 0.940625 0.80625 0.81875 0.80625 0.81875 0.8171875 0.940625 0.8171875
0 0.940625 0.7906250000000001 0.8171875 0.7906250000000001 0.8171875 0.803125 0.940625 0.803125
0 0.940625 0.7703125000000002 0.81875 0.7703125000000002 0.81875 0.7875000000000002 0.940625 0.7875000000000002
0 0.940625 0.7515625000000001 0.815625 0.7515625000000001 0.815625 0.7671875000000001 0.940625 0.7671875000000001
0 0.7015625 0.675 0.5734375 0.675 0.5734375 0.6921875 0.7015625 0.6921875
1 0.7078125 0.659375 0.5734375 0.659375 0.5734375 0.675 0.7078125 0.675
3 0.70625 0.64375 0.58125 0.64375 0.58125 0.659375 0.70625 0.659375
3 0.7093750000000001 0.7109375 0.5734375 0.7109375 0.5734375 0.728125 0.7093750000000002 0.728125
1 0.703125 0.696875 0.575 0.696875 0.575 0.7078125 0.703125 0.7078125
3 0.940625 0.7109375000000002 0.8171875 0.7109375000000002 0.8171875 0.7296875000000002 0.940625 0.7296875000000002
4 0.934375 0.6921875000000002 0.8140625 0.6921875000000002 0.8140625 0.7078125000000002 0.934375 0.7078125000000002
1 0.9390625 0.6750000000000002 0.8203125 0.6750000000000002 0.8203125 0.6906250000000002 0.9390625 0.6906250000000002
4 0.9390625 0.6593750000000002 0.8140625 0.6593750000000002 0.8140625 0.6734375000000001 0.9390625 0.6734375000000001
1 0.94375 0.6437500000000002 0.815625 0.6437500000000002 0.815625 0.6593750000000002 0.94375 0.6593750000000002
4 0.7046875 0.6015625 0.575 0.6015625 0.575 0.6140625 0.7046875 0.6140625
1 0.7078125 0.5828125 0.575 0.5828125 0.575 0.596875 0.7078125 0.596875
4 0.7078125 0.5671875 0.5703125 0.5671875 0.5703125 0.5796875 0.7078125 0.5796875
0 0.6984375 0.546875 0.5734375 0.546875 0.5734375 0.565625 0.6984375 0.565625
4 0.7 0.5328125 0.575 0.5328125 0.575 0.54375 0.7 0.54375
3 0.6953125 0.4890625 0.5796875 0.4890625 0.5796875 0.50625 0.6953125 0.50625
1 0.7015625 0.4734375 0.571875 0.4734375 0.571875 0.484375 0.7015625 0.484375
4 0.703125 0.453125 0.5734375 0.453125 0.5734375 0.4671875 0.703125 0.4671875
1 0.7015625 0.4375 0.571875 0.4375 0.571875 0.4515625 0.7015625 0.4515625
4 0.7046875 0.41875 0.571875 0.41875 0.571875 0.434375 0.7046875 0.434375
0 0.9375 0.5984375000000002 0.815625 0.5984375000000002 0.815625 0.6140625000000002 0.9375 0.6140625000000002
4 0.9390625 0.5828125000000002 0.8171875 0.5828125000000002 0.8171875 0.5968750000000002 0.9390625 0.5968750000000002
1 0.9375 0.5656250000000002 0.8140625 0.5656250000000002 0.8140625 0.5781250000000002 0.9375 0.5781250000000002
2 0.9375 0.5468750000000002 0.815625 0.5468750000000002 0.815625 0.5625000000000002 0.9375 0.5625000000000002
4 0.9375 0.5296875000000002 0.8140625 0.5296875000000002 0.8140625 0.5453125000000002 0.9375 0.5453125000000002
2 0.9390625 0.48750000000000016 0.815625 0.48750000000000016 0.815625 0.5031250000000002 0.9390625 0.5031250000000002
0 0.9375 0.46875000000000017 0.8171875 0.46875000000000017 0.8171875 0.4859375000000002 0.9375 0.4859375000000002
4 0.9375 0.45312500000000017 0.8109375 0.45312500000000017 0.8109375 0.4671875000000002 0.9375 0.4671875000000002
3 0.9375 0.4359375000000002 0.8109375 0.4359375000000002 0.8109375 0.4500000000000002 0.9375 0.4500000000000002
0 0.9375 0.4203125000000002 0.8109375 0.4203125000000002 0.8109375 0.43281250000000016 0.9375 0.43281250000000016
3 0.696875 0.32500000000000007 0.5703125 0.32500000000000007 0.5703125 0.3437500000000001 0.696875 0.3437500000000001
4 0.6953125 0.3109375000000001 0.5703125 0.3109375000000001 0.5703125 0.3234375000000001 0.6953125 0.3234375000000001
2 0.7171875 0.3453125000000001 0.5703125 0.3453125000000001 0.5703125 0.3593750000000001 0.7171875 0.3593750000000001
0 0.7 0.3781250000000001 0.571875 0.3781250000000001 0.571875 0.3937500000000001 0.7 0.3937500000000001
1 0.6984375 0.36406250000000007 0.571875 0.36406250000000007 0.571875 0.3781250000000001 0.6984375 0.3781250000000001
4 0.9390625 0.3765625000000001 0.8140625 0.3765625000000001 0.8140625 0.3937500000000001 0.9390625 0.3937500000000001
1 0.9359375 0.3609375000000001 0.8140625 0.3609375000000001 0.8140625 0.3765625000000001 0.9359375 0.3765625000000001
4 0.934375 0.3437500000000001 0.8140625 0.3437500000000001 0.8140625 0.3578125000000001 0.934375 0.3578125000000001
3 0.934375 0.32500000000000007 0.8140625 0.32500000000000007 0.8140625 0.3421875000000001 0.934375 0.3421875000000001
1 0.934375 0.3062500000000001 0.815625 0.3062500000000001 0.815625 0.3234375000000001 0.934375 0.3234375000000001