4 0.2140625000000001 0.3796875 0.08750000000000005 0.3796875 0.08750000000000005 0.396875 0.2140625000000001 0.396875
1 0.21718750000000003 0.35625 0.08750000000000005 0.35625 0.08750000000000005 0.3765625 0.2171875000000001 0.3765625
3 0.221875 0.3421875 0.08281250000000004 0.3421875 0.08281250000000004 0.359375 0.221875 0.359375
4 0.2125 0.3234375 0.08281250000000004 0.3234375 0.08281250000000004 0.3421875 0.2125 0.3421875
2 0.2171875 0.3078125 0.08750000000000005 0.3078125 0.08750000000000005 0.3203125 0.2171875 0.3203125
3 0.22031250000000008 0.4890625 0.08125000000000007 0.4890625 0.08125000000000007 0.5046875 0.22031250000000008 0.5046875
1 0.2156250000000001 0.471875 0.08281250000000007 0.471875 0.08281250000000007 0.4859375 0.2156250000000001 0.4859375
3 0.2140625000000001 0.4546875 0.08125000000000007 0.4546875 0.08125000000000007 0.4703125 0.2140625000000001 0.4703125
3 0.2171875000000001 0.440625 0.08593750000000004 0.440625 0.08593750000000004 0.4515625 0.2171875000000001 0.4515625
1 0.2171875000000001 0.41875 0.08593750000000004 0.41875 0.08593750000000004 0.434375 0.2171875000000001 0.434375
2 0.2218750000000001 0.6 0.08906250000000007 0.6 0.08906250000000007 0.615625 0.2218750000000001 0.615625
1 0.2156250000000001 0.584375 0.08906250000000007 0.584375 0.08906250000000007 0.5984375 0.2156250000000001 0.5984375
3 0.2156250000000001 0.5671875 0.09062500000000007 0.5671875 0.09062500000000007 0.58125 0.2156250000000001 0.58125
1 0.2171875000000001 0.5484375 0.08906250000000007 0.5484375 0.08906250000000007 0.5625 0.2171875000000001 0.5625
4 0.22031250000000008 0.5328125 0.08437500000000006 0.5328125 0.08437500000000006 0.546875 0.22031250000000008 0.546875
2 0.2234375000000001 0.709375 0.08750000000000009 0.709375 0.08750000000000009 0.728125 0.2234375000000001 0.728125
4 0.22031250000000008 0.69375 0.08437500000000009 0.69375 0.08437500000000009 0.7078125 0.22031250000000008 0.7078125
2 0.2218750000000001 0.678125 0.09218750000000009 0.678125 0.09218750000000009 0.6921875 0.2218750000000001 0.6921875
3 0.22031250000000008 0.6609375 0.08593750000000008 0.6609375 0.08593750000000008 0.675 0.22031250000000008 0.675
1 0.22031250000000008 0.6453125 0.0906250000000001 0.6453125 0.0906250000000001 0.659375 0.22031250000000008 0.659375
3 0.2171875000000001 0.825 0.09218750000000012 0.825 0.09218750000000012 0.8390625 0.2171875000000001 0.8390625
0 0.2171875000000001 0.80625 0.0906250000000001 0.80625 0.0906250000000001 0.8203125 0.2171875000000001 0.8203125
1 0.21875000000000008 0.7890625 0.09218750000000009 0.7890625 0.09218750000000009 0.8046875 0.21875000000000008 0.8046875
0 0.2140625000000001 0.771875 0.08593750000000008 0.771875 0.08593750000000008 0.7859375 0.2140625000000001 0.7859375
2 0.2156250000000001 0.7578125 0.08750000000000009 0.7578125 0.08750000000000009 0.7703125 0.2156250000000001 0.7703125
4 0.22031250000000008 0.934375 0.09062500000000011 0.934375 0.09062500000000011 0.946875 0.22031250000000008 0.946875
3 0.2218750000000001 0.915625 0.09062500000000011 0.915625 0.09062500000000011 0.93125 0.2218750000000001 0.93125
1 0.22656250000000008 0.9 0.09375000000000011 0.9 0.09375000000000011 0.9125 0.22656250000000008 0.9125
3 0.2250000000000001 0.884375 0.08593750000000011 0.884375 0.08593750000000011 0.9 0.2250000000000001 0.9
1 0.2218750000000001 0.8640625 0.09218750000000012 0.8640625 0.09218750000000012 0.8796875 0.2218750000000001 0.8796875
3 0.4671875000000002 0.934375 0.3343750000000001 0.934375 0.3343750000000001 0.95 0.4671875000000002 0.95
1 0.46406250000000016 0.91875 0.3375000000000001 0.91875 0.3375000000000001 0.9296875 0.46406250000000016 0.9296875
3 0.4578125000000002 0.9 0.33281250000000007 0.9 0.33281250000000007 0.9140625 0.4578125000000002 0.9140625
2 0.4593750000000002 0.88125 0.32500000000000007 0.88125 0.32500000000000007 0.8984375 0.4593750000000002 0.8984375
0 0.46093750000000017 0.8671875 0.3296875000000001 0.8671875 0.3296875000000001 0.8796875 0.46093750000000017 0.8796875
4 0.46406250000000016 0.8234375 0.3312500000000001 0.8234375 0.3312500000000001 0.840625 0.46406250000000016 0.840625
0 0.46406250000000016 0.80625 0.3296875000000001 0.80625 0.3296875000000001 0.8203125 0.46406250000000016 0.8203125
2 0.4593750000000002 0.7890625 0.3296875000000001 0.7890625 0.3296875000000001 0.803125 0.4593750000000002 0.803125
3 0.4625000000000002 0.7734375 0.33281250000000007 0.7734375 0.33281250000000007 0.784375 0.4625000000000002 0.784375
1 0.46406250000000016 0.75625 0.33281250000000007 0.75625 0.33281250000000007 0.76875 0.46406250000000016 0.76875
3 0.4609375000000001 0.7109375 0.3375000000000001 0.7109375 0.3375000000000001 0.7265625 0.46093750000000017 0.7265625
1 0.4578125 0.6953125 0.3343750000000001 0.6953125 0.3343750000000001 0.7078125 0.4578125 0.7078125
3 0.465625 0.678125 0.3234375000000001 0.678125 0.3234375000000001 0.690625 0.465625 0.690625
2 0.4546875 0.659375 0.3312500000000001 0.659375 0.3312500000000001 0.675 0.4546875 0.675
4 0.4578125 0.64375 0.3312500000000001 0.64375 0.3312500000000001 0.6578125 0.4578125 0.6578125
1 0.70625 0.7109375 0.571875 0.7109375 0.5718750000000001 0.7265625 0.7062500000000002 0.7265625
4 0.7046875 0.696875 0.5703125 0.696875 0.5703125 0.7109375 0.7046875 0.7109375
2 0.70625 0.6765625 0.5703125 0.6765625 0.5703125 0.6921875 0.70625 0.6921875
0 0.7 0.6609375 0.571875 0.6609375 0.571875 0.6734375 0.7 0.6734375
1 0.703125 0.6421875 0.5765625 0.6421875 0.5765625 0.659375 0.703125 0.659375
1 0.7046875000000001 0.8203125 0.5734375000000002 0.8203125 0.5734375000000002 0.8375 0.7046875000000001 0.8375
4 0.7000000000000002 0.8078125 0.5718750000000001 0.8078125 0.5718750000000001 0.821875 0.7000000000000002 0.821875
1 0.7015625000000002 0.7890625 0.5703125000000002 0.7890625 0.5703125000000002 0.8015625 0.7015625000000002 0.8015625
2 0.7078125000000002 0.7734375 0.5750000000000002 0.7734375 0.5750000000000002 0.784375 0.7078125000000002 0.784375
0 0.7031250000000002 0.7546875 0.5703125000000002 0.7546875 0.5703125000000002 0.7671875 0.7031250000000002 0.7671875
0 0.7015625000000002 0.8640625 0.5703125000000002 0.8640625 0.5703125000000002 0.88125 0.7015625000000002 0.88125
2 0.6984375000000002 0.9328125 0.5781250000000002 0.9328125 0.5781250000000002 0.946875 0.6984375000000002 0.946875
2 0.6984375000000002 0.91875 0.5750000000000002 0.91875 0.5750000000000002 0.9328125 0.6984375000000002 0.9328125
4 0.9421875 0.7109375000000002 0.81875 0.7109375000000002 0.81875 0.7281250000000001 0.9421875 0.7281250000000001
2 0.940625 0.6937500000000002 0.8171875 0.6937500000000002 0.8171875 0.7093750000000002 0.940625 0.7093750000000002
1 0.9359375 0.6781250000000002 0.815625 0.6781250000000002 0.815625 0.6921875000000002 0.9359375 0.6921875000000002
4 0.9359375 0.6609375000000002 0.821875 0.6609375000000002 0.821875 0.6765625000000002 0.9359375 0.6765625000000002
2 0.9359375 0.6421875000000001 0.815625 0.6421875000000001 0.815625 0.6578125000000001 0.9359375 0.6578125000000001
0 0.9421875 0.8203125 0.815625 0.8203125 0.815625 0.8390625 0.9421875 0.8390625
2 0.940625 0.8046875 0.8171875 0.8046875 0.8171875 0.81875 0.940625 0.81875
3 0.9375 0.7875000000000002 0.8140625 0.7875000000000002 0.8140625 0.8046875 0.9375 0.8046875
2 0.9390625 0.7703125000000002 0.8140625 0.7703125000000002 0.8140625 0.7859375000000002 0.9390625 0.7859375000000002
1 0.9375 0.7546875000000002 0.8171875 0.7546875000000002 0.8171875 0.7687500000000002 0.9375 0.7687500000000002
0 0.9421875 0.9328125 0.8234375 0.9328125 0.8234375 0.9453125 0.9421875 0.9453125
1 0.940625 0.915625 0.81875 0.915625 0.81875 0.9296875 0.940625 0.9296875
2 0.9390625 0.8984375 0.8203125 0.8984375 0.8203125 0.9140625 0.9390625 0.9140625
3 0.9375 0.884375 0.8203125 0.884375 0.8203125 0.8984375 0.9375 0.8984375
1 0.465625 0.37500000000000006 0.3296875000000001 0.375 0.3296875000000001 0.39531250000000007 0.465625 0.39531250000000007
4 0.4625 0.36250000000000004 0.3328125 0.3625 0.33281250000000007 0.37187500000000007 0.4625 0.37187500000000007
1 0.4625 0.3453125 0.3265625 0.3453125 0.3265625 0.35781250000000003 0.4625 0.3578125000000001
2 0.459375 0.32656250000000003 0.328125 0.3265625 0.328125 0.34218750000000003 0.459375 0.3421875000000001
0 0.4578125 0.30937500000000007 0.33125 0.309375 0.33125 0.321875 0.4578125 0.3218750000000001
3 0.471875 0.4890625 0.33281250000000007 0.4890625 0.33281250000000007 0.5046875 0.471875 0.5046875
1 0.4578125 0.471875 0.3281250000000001 0.471875 0.3281250000000001 0.4859375 0.4578125 0.4859375
2 0.4625 0.45625 0.3265625000000001 0.45625 0.3265625000000001 0.4734375 0.4625 0.4734375
3 0.4640625 0.4359375 0.3265625000000001 0.4359375 0.3265625000000001 0.4515625 0.4640625 0.4515625
4 0.465625 0.6015625 0.3234375000000001 0.6015625 0.3234375000000001 0.61875 0.465625 0.61875
1 0.4609375 0.58125 0.3312500000000001 0.58125 0.3312500000000001 0.5984375 0.4609375 0.5984375
0 0.459375 0.5640625 0.3265625000000001 0.5640625 0.3265625000000001 0.5828125 0.459375 0.5828125
2 0.4671875 0.546875 0.3218750000000001 0.546875 0.3218750000000001 0.559375 0.4671875 0.559375
1 0.4625 0.53125 0.3296875000000001 0.53125 0.3296875000000001 0.5453125 0.4625 0.5453125
4 0.7 0.6015625 0.575 0.6015625 0.575 0.615625 0.7 0.615625
2 0.703125 0.5828125 0.571875 0.5828125 0.571875 0.596875 0.703125 0.596875
1 0.70625 0.565625 0.5734375 0.565625 0.5734375 0.58125 0.70625 0.58125
2 0.6984375 0.5484375 0.5796875 0.5484375 0.5796875 0.5625 0.6984375 0.5625
4 0.7015625 0.53125 0.575 0.53125 0.575 0.5453125 0.7015625 0.5453125
0 0.6984375 0.4875 0.56875 0.4875 0.56875 0.5046875 0.6984375 0.5046875
1 0.7015625 0.4703125 0.5703125 0.4703125 0.5703125 0.4859375 0.7015625 0.4859375
3 0.7 0.4546875 0.571875 0.4546875 0.571875 0.46875 0.7 0.46875
1 0.6984375 0.4375 0.5703125 0.4375 0.5703125 0.4515625 0.6984375 0.4515625
4 0.6953125 0.41875 0.565625 0.41875 0.565625 0.4296875 0.6953125 0.4296875
1 0.6984375 0.3781250000000001 0.575 0.3781250000000001 0.575 0.3906250000000001 0.6984375 0.3906250000000001
3 0.6953125 0.3609375000000001 0.5734375 0.3609375000000001 0.5734375 0.3750000000000001 0.6953125 0.3750000000000001
0 0.696875 0.3453125000000001 0.5703125 0.3453125000000001 0.5703125 0.3546875000000001 0.696875 0.3546875000000001
1 0.6984375 0.3265625000000001 0.565625 0.3265625000000001 0.565625 0.3375000000000001 0.6984375 0.3375000000000001
2 0.696875 0.30937500000000007 0.5703125 0.30937500000000007 0.5703125 0.3234375000000001 0.696875 0.3234375000000001
2 0.9375 0.3765625000000001 0.809375 0.3765625000000001 0.809375 0.3921875000000001 0.9375 0.3921875000000001
3 0.9359375 0.3609375000000001 0.8125 0.3609375000000001 0.8125 0.3750000000000001 0.9359375 0.3750000000000001
1 0.9375 0.3437500000000001 0.815625 0.3437500000000001 0.815625 0.3593750000000001 0.9375 0.3593750000000001
3 0.934375 0.32500000000000007 0.8125 0.32500000000000007 0.8125 0.3421875000000001 0.934375 0.3421875000000001
2 0.934375 0.3046875000000001 0.809375 0.3046875000000001 0.809375 0.3234375000000001 0.934375 0.3234375000000001
2 0.9390625 0.48750000000000016 0.8125 0.48750000000000016 0.8125 0.5031250000000002 0.9390625 0.5031250000000002
3 0.9375 0.47187500000000016 0.8109375 0.47187500000000016 0.8109375 0.4828125000000002 0.9375 0.4828125000000002
1 0.934375 0.45312500000000017 0.815625 0.45312500000000017 0.815625 0.46875000000000017 0.934375 0.46875000000000017
2 0.93125 0.43750000000000017 0.815625 0.43750000000000017 0.815625 0.4515625000000002 0.93125 0.4515625000000002
1 0.9328125 0.42187500000000017 0.8109375 0.42187500000000017 0.8109375 0.4359375000000002 0.9328125 0.4359375000000002
1 0.9359375 0.6000000000000002 0.8140625 0.6000000000000002 0.8140625 0.6156250000000002 0.9359375 0.6156250000000002
2 0.9390625 0.5781250000000002 0.8140625 0.5781250000000002 0.8140625 0.5968750000000002 0.9390625 0.5968750000000002
1 0.9375 0.5625000000000002 0.8078125 0.5625000000000002 0.8078125 0.5812500000000002 0.9375 0.5812500000000002
3 0.9390625 0.5484375000000001 0.815625 0.5484375000000001 0.815625 0.5625000000000002 0.9390625 0.5625000000000002
2 0.934375 0.5281250000000002 0.8125 0.5281250000000002 0.8125 0.5468750000000002 0.934375 0.5468750000000002