2 0.21875 0.315625 0.08593750000000004 0.315625 0.08593750000000004 0.3359375 0.21875 0.3359375
2 0.2171875 0.334375 0.08437500000000005 0.334375 0.08437500000000005 0.3546875 0.2171875 0.3546875
2 0.21718750000000003 0.3515625 0.08437500000000005 0.3515625 0.08437500000000005 0.36875 0.2171875000000001 0.36875
2 0.2171875000000001 0.3703125 0.08437500000000005 0.3703125 0.08437500000000005 0.3875 0.2171875000000001 0.3875
2 0.2171875000000001 0.3859375 0.08437500000000005 0.3859375 0.08437500000000005 0.4046875 0.2171875000000001 0.4046875
2 0.21875000000000008 0.496875 0.08593750000000007 0.496875 0.08593750000000007 0.515625 0.21875000000000008 0.515625
2 0.21875000000000008 0.48125 0.08593750000000007 0.48125 0.08593750000000007 0.496875 0.21875000000000008 0.496875
2 0.2171875000000001 0.4640625 0.08750000000000006 0.4640625 0.08750000000000006 0.4828125 0.2171875000000001 0.4828125
2 0.21875000000000008 0.446875 0.08750000000000005 0.446875 0.08750000000000005 0.4640625 0.21875000000000008 0.4640625
2 0.21875000000000008 0.428125 0.08593750000000004 0.428125 0.08593750000000004 0.446875 0.21875000000000008 0.446875
2 0.21875000000000008 0.6078125 0.08593750000000007 0.6078125 0.08593750000000007 0.6234375 0.21875000000000008 0.6234375
2 0.2171875000000001 0.5921875 0.08906250000000007 0.5921875 0.08906250000000007 0.6078125 0.2171875000000001 0.6078125
2 0.2162346656250001 0.5745878 0.08582509843750007 0.5745878 0.08582509843750007 0.5911397125 0.2162346656250001 0.5911397125
2 0.2140625000000001 0.5578125 0.09062500000000007 0.5578125 0.09062500000000007 0.575 0.2140625000000001 0.575
2 0.21250000000000008 0.540625 0.08906250000000007 0.540625 0.08906250000000007 0.5546875 0.21250000000000008 0.5546875
2 0.2171875000000001 0.71875 0.08437500000000009 0.71875 0.08437500000000009 0.7375 0.2171875000000001 0.7375
2 0.2171875000000001 0.703125 0.08750000000000009 0.703125 0.08750000000000009 0.71875 0.2171875000000001 0.71875
2 0.2234375000000001 0.684375 0.08593750000000008 0.684375 0.08593750000000008 0.7046875 0.2234375000000001 0.7046875
2 0.21875000000000008 0.6671875 0.08750000000000009 0.6671875 0.08750000000000009 0.6859375 0.21875000000000008 0.6859375
2 0.2156250000000001 0.653125 0.08750000000000009 0.653125 0.08750000000000009 0.6671875 0.2156250000000001 0.6671875
2 0.21875000000000008 0.83125 0.0875000000000001 0.83125 0.0875000000000001 0.853125 0.21875000000000008 0.853125
2 0.22031250000000008 0.8109375 0.09218750000000009 0.8109375 0.0921875000000001 0.834375 0.22031250000000008 0.834375
2 0.21875000000000008 0.7984375 0.0906250000000001 0.7984375 0.0906250000000001 0.8140625 0.21875000000000008 0.8140625
2 0.2171875000000001 0.778125 0.09218750000000009 0.778125 0.09218750000000009 0.7984375 0.2171875000000001 0.7984375
2 0.2171875000000001 0.7609375 0.08906250000000009 0.7609375 0.08906250000000009 0.784375 0.2171875000000001 0.784375
2 0.2140625000000001 0.940625 0.0875000000000001 0.940625 0.0875000000000001 0.9578125 0.2140625000000001 0.9578125
2 0.2156250000000001 0.921875 0.0875000000000001 0.921875 0.0875000000000001 0.940625 0.2156250000000001 0.940625
2 0.2140625000000001 0.9078125 0.0875000000000001 0.9078125 0.0875000000000001 0.925 0.2140625000000001 0.925
2 0.21250000000000008 0.8890625 0.08593750000000011 0.8890625 0.08593750000000011 0.9078125 0.21250000000000008 0.9078125
2 0.2140625000000001 0.8734375 0.08281250000000011 0.8734375 0.08281250000000011 0.8859375 0.2140625000000001 0.8859375
2 0.4578125000000002 0.940625 0.3281250000000001 0.940625 0.3281250000000001 0.95625 0.4578125000000002 0.95625
2 0.4578125000000002 0.925 0.3265625000000001 0.925 0.3265625000000001 0.9390625 0.4578125000000002 0.9390625
2 0.46093750000000017 0.90625 0.3281250000000001 0.90625 0.3281250000000001 0.9234375 0.46093750000000017 0.9234375
2 0.4625000000000002 0.890625 0.3265625000000001 0.890625 0.3265625000000001 0.90625 0.4625000000000002 0.90625
2 0.45312500000000017 0.8734375 0.3281250000000001 0.8734375 0.3281250000000001 0.8875 0.45312500000000017 0.8875
2 0.7015625000000002 0.9375 0.5734375000000002 0.9375 0.5734375000000002 0.9578125 0.7015625000000002 0.9578125
2 0.7015625000000002 0.9203125 0.5734375000000002 0.9203125 0.5734375000000002 0.940625 0.7015625000000002 0.940625
2 0.7000000000000002 0.903125 0.5734375000000002 0.903125 0.5734375000000002 0.925 0.7000000000000002 0.925
2 0.7109375000000002 0.8890625 0.5734375000000002 0.8890625 0.5734375000000002 0.9078125 0.7109375000000002 0.9078125
2 0.6984375000000002 0.871875 0.5703125000000002 0.871875 0.5703125000000002 0.890625 0.6984375000000002 0.890625
2 0.9375 0.8859375 0.815625 0.8859375 0.815625 0.9078125 0.9375 0.9078125
2 0.9390625 0.8703125 0.8140625 0.8703125 0.8140625 0.884375 0.9390625 0.884375
2 0.940625 0.9375 0.8140625 0.9375 0.8140625 0.95625 0.940625 0.95625
2 0.9375 0.921875 0.8109375 0.921875 0.8109375 0.9390625 0.9375 0.9390625
2 0.9359375 0.903125 0.8109375 0.903125 0.8109375 0.9234375 0.9359375 0.9234375
2 0.9421875 0.8265625 0.809375 0.8265625 0.809375 0.8453125 0.9421875 0.8453125
2 0.4546875 0.6046875 0.3265625000000001 0.6046875 0.3265625000000001 0.628125 0.4546875 0.628125
2 0.4578125 0.571875 0.3281250000000001 0.571875 0.3281250000000001 0.59375 0.4578125 0.59375
2 0.45625 0.55625 0.3265625000000001 0.55625 0.3265625000000001 0.575 0.45625 0.575
2 0.45625 0.5359375 0.3265625000000001 0.5359375 0.3265625000000001 0.5578125 0.45625 0.5578125
2 0.45625 0.4984375 0.3281250000000001 0.4984375 0.3281250000000001 0.5171875 0.45625 0.5171875
2 0.453125 0.4796875 0.3281250000000001 0.4796875 0.3281250000000001 0.4953125 0.453125 0.4953125
2 0.4546875 0.4625 0.3296875000000001 0.4625 0.3296875000000001 0.478125 0.4546875 0.478125
2 0.45625 0.44375 0.3265625000000001 0.44375 0.3265625000000001 0.4671875 0.45625 0.4671875
2 0.459375 0.425 0.3312500000000001 0.425 0.3312500000000001 0.446875 0.459375 0.446875
2 0.459375 0.38593750000000004 0.3281250000000001 0.3859375 0.3281250000000001 0.409375 0.459375 0.409375
2 0.4609375 0.36718750000000006 0.3203125000000001 0.3671875 0.3203125000000001 0.38906250000000003 0.4609375 0.3890625000000001
2 0.45625 0.34843750000000007 0.3296875 0.3484375 0.3296875 0.37187500000000007 0.45625 0.37187500000000007
2 0.4609375 0.33437500000000003 0.328125 0.334375 0.328125 0.35000000000000003 0.4609375 0.3500000000000001
2 0.4640625 0.31718750000000007 0.3203125 0.3171875 0.3203125 0.3375 0.4640625 0.3375000000000001
2 0.4546875 0.5890625 0.3265625000000001 0.5890625 0.3265625000000001 0.6109375 0.4546875 0.6109375
2 0.4546875000000001 0.7171875 0.3281250000000001 0.7171875 0.3281250000000001 0.7359375 0.4546875000000002 0.7359375
2 0.4578125 0.7 0.3296875000000001 0.7 0.3296875000000001 0.71875 0.4578125 0.71875
2 0.453125 0.684375 0.3296875000000001 0.684375 0.3296875000000001 0.703125 0.453125 0.703125
2 0.45625 0.665625 0.3343750000000001 0.665625 0.3343750000000001 0.6890625 0.45625 0.6890625
2 0.45625 0.6515625 0.3296875000000001 0.6515625 0.3296875000000001 0.6671875 0.45625 0.6671875
2 0.4625000000000002 0.8265625 0.32500000000000007 0.8265625 0.32500000000000007 0.8484375 0.4625000000000002 0.8484375
2 0.4593750000000002 0.8125 0.3312500000000001 0.8125 0.3312500000000001 0.83125 0.4593750000000002 0.83125
2 0.4593750000000002 0.7953125 0.33281250000000007 0.7953125 0.33281250000000007 0.8125 0.4593750000000002 0.8125
2 0.4578125000000002 0.7796875 0.32500000000000007 0.7796875 0.32500000000000007 0.7984375 0.4578125000000002 0.7984375
2 0.4656250000000002 0.7609375 0.3218750000000001 0.7609375 0.3218750000000001 0.7796875 0.4656250000000002 0.7796875
2 0.7015625 0.49375 0.5671875 0.49375 0.5671875 0.5171875 0.7015625 0.5171875
2 0.7 0.4765625 0.5640625 0.4765625 0.5640625 0.49375 0.7 0.49375
2 0.7 0.459375 0.5703125 0.459375 0.5703125 0.4765625 0.7 0.4765625
2 0.709375 0.4421875 0.56875 0.4421875 0.56875 0.4625 0.709375 0.4625
2 0.70625 0.4265625 0.571875 0.4265625 0.571875 0.4453125 0.70625 0.4453125
2 0.7140625 0.3843750000000001 0.5640625 0.3843750000000001 0.5640625 0.403125 0.7140625 0.403125
2 0.7015625 0.36406250000000007 0.5640625 0.36406250000000007 0.5640625 0.3890625000000001 0.7015625 0.3890625000000001
2 0.703125 0.34843750000000007 0.56875 0.34843750000000007 0.56875 0.37187500000000007 0.703125 0.37187500000000007
2 0.70625 0.33281250000000007 0.5671875 0.33281250000000007 0.5671875 0.34843750000000007 0.70625 0.34843750000000007
2 0.6984375 0.3140625000000001 0.56875 0.3140625000000001 0.56875 0.3312500000000001 0.6984375 0.3312500000000001
2 0.7015625 0.60625 0.5671875 0.60625 0.5671875 0.625 0.7015625 0.625
2 0.70625 0.5921875 0.571875 0.5921875 0.571875 0.6046875 0.70625 0.6046875
2 0.6984375 0.571875 0.571875 0.571875 0.571875 0.590625 0.6984375 0.590625
2 0.7 0.559375 0.571875 0.559375 0.571875 0.571875 0.7 0.571875
2 0.6984375 0.5390625 0.5671875 0.5390625 0.5671875 0.553125 0.6984375 0.553125
2 0.7046875000000001 0.7171875 0.56875 0.7171875 0.5687500000000001 0.7359375 0.7046875000000001 0.7359375
2 0.703125 0.7 0.56875 0.7 0.56875 0.71875 0.703125 0.71875
2 0.7015625 0.684375 0.5703125 0.684375 0.5703125 0.7 0.7015625 0.7
2 0.6953125 0.6671875 0.571875 0.6671875 0.571875 0.678125 0.6953125 0.678125
2 0.696875 0.6484375 0.565625 0.6484375 0.565625 0.6671875 0.696875 0.6671875
2 0.7093750000000002 0.83125 0.5734375000000002 0.83125 0.5734375000000002 0.8421875 0.7093750000000002 0.8421875
2 0.7062500000000002 0.8125 0.5703125000000002 0.8125 0.5703125000000002 0.825 0.7062500000000002 0.825
2 0.6953125000000002 0.79375 0.5671875000000002 0.79375 0.5671875000000002 0.8109375 0.6953125000000002 0.8109375
2 0.7031250000000002 0.7765625 0.5671875000000002 0.7765625 0.5671875000000002 0.796875 0.7031250000000002 0.796875
2 0.6984375000000002 0.7625 0.5687500000000002 0.7625 0.5687500000000002 0.775 0.6984375000000002 0.775
2 0.95625 0.49531250000000016 0.8109375 0.49531250000000016 0.8109375 0.5109375000000002 0.95625 0.5109375000000002
2 0.94375 0.4781250000000002 0.80625 0.4781250000000002 0.80625 0.49531250000000016 0.94375 0.49531250000000016
2 0.940625 0.4625000000000002 0.8125 0.4625000000000002 0.8125 0.4750000000000002 0.940625 0.4750000000000002
2 0.946875 0.4437500000000002 0.8109375 0.4437500000000002 0.8109375 0.4593750000000002 0.946875 0.4593750000000002
2 0.9390625 0.42500000000000016 0.8109375 0.42500000000000016 0.8109375 0.4437500000000002 0.9390625 0.4437500000000002
2 0.9484375 0.3843750000000001 0.8078125 0.3843750000000001 0.8078125 0.4000000000000002 0.9484375 0.4000000000000002
2 0.95625 0.3671875000000001 0.809375 0.3671875000000001 0.809375 0.3859375000000001 0.95625 0.3859375000000001
2 0.94375 0.34843750000000007 0.809375 0.34843750000000007 0.809375 0.37187500000000007 0.94375 0.37187500000000007
2 0.940625 0.3312500000000001 0.8078125 0.3312500000000001 0.8078125 0.3515625000000001 0.940625 0.3515625000000001
2 0.934375 0.3156250000000001 0.8125 0.3156250000000001 0.8125 0.3359375000000001 0.934375 0.3359375000000001
2 0.934375 0.7125000000000001 0.8125 0.7125000000000001 0.8125 0.7359375000000001 0.934375 0.7359375000000001
2 0.9375 0.6984375000000002 0.8125 0.6984375000000002 0.8125 0.7140625000000002 0.9375 0.7140625000000002
2 0.9375 0.6812500000000001 0.809375 0.6812500000000001 0.809375 0.6984375000000002 0.9375 0.6984375000000002
2 0.9375 0.6656250000000001 0.809375 0.6656250000000001 0.809375 0.6812500000000001 0.9375 0.6812500000000001
2 0.940625 0.6468750000000002 0.8125 0.6468750000000002 0.8125 0.6625000000000002 0.940625 0.6625000000000002
2 0.9421875 0.6062500000000002 0.8078125 0.6062500000000002 0.8078125 0.6218750000000002 0.9421875 0.6218750000000002
2 0.9390625 0.5875000000000001 0.809375 0.5875000000000001 0.809375 0.6046875000000002 0.9390625 0.6046875000000002
2 0.9359375 0.5703125000000002 0.8140625 0.5703125000000002 0.8140625 0.5890625000000002 0.9359375 0.5890625000000002
2 0.9421875 0.5562500000000001 0.8078125 0.5562500000000001 0.8078125 0.5718750000000001 0.9421875 0.5718750000000001
2 0.940625 0.5375000000000002 0.8109375 0.5375000000000002 0.8109375 0.5515625000000002 0.940625 0.5515625000000002
2 0.94375 0.809375 0.8109375 0.809375 0.8109375 0.825 0.94375 0.825
2 0.946875 0.7937500000000002 0.8109375 0.7937500000000002 0.8109375 0.8078125 0.946875 0.8078125
2 0.9421875 0.7765625000000002 0.8078125 0.7765625000000002 0.8078125 0.7921875000000002 0.9421875 0.7921875000000002
2 0.940625 0.7593750000000001 0.8078125 0.7593750000000001 0.8078125 0.7781250000000002 0.940625 0.7781250000000002