2 0.23437500000000006 0.3609375 0.08593750000000004 0.3609375 0.08593750000000004 0.3796875 0.23437500000000008 0.3796875
2 0.21875 0.3453125 0.08906250000000004 0.3453125 0.08906250000000004 0.359375 0.21875 0.359375
4 0.2218750000000001 0.4546875 0.08593750000000007 0.4546875 0.08593750000000007 0.4734375 0.2218750000000001 0.4734375
2 0.2171875000000001 0.440625 0.08750000000000005 0.440625 0.08750000000000005 0.4578125 0.2171875000000001 0.4578125
3 0.22656250000000008 0.49375 0.09375000000000007 0.49375 0.09375000000000007 0.509375 0.22656250000000008 0.509375
1 0.22031250000000008 0.471875 0.08437500000000006 0.471875 0.08437500000000006 0.4921875 0.22031250000000008 0.4921875
0 0.4703125 0.3765625 0.33281250000000007 0.3765625 0.33281250000000007 0.39531250000000007 0.4703125 0.39531250000000007
3 0.4625 0.36250000000000004 0.334375 0.3625 0.33437500000000003 0.3765625 0.4625 0.3765625000000001
1 0.4640625 0.3453125 0.3328125 0.3453125 0.3328125 0.35937500000000006 0.4640625 0.3593750000000001
3 0.4578125 0.32343750000000004 0.33125 0.3234375 0.33125 0.3453125 0.4578125 0.3453125000000001
3 0.4734375 0.4921875 0.3296875000000001 0.4921875 0.3296875000000001 0.5078125 0.4734375 0.5078125
1 0.4609375 0.471875 0.3296875000000001 0.471875 0.3296875000000001 0.4890625 0.4609375 0.4890625
4 0.4609375 0.45625 0.33281250000000007 0.45625 0.33281250000000007 0.4703125 0.4609375 0.4703125
3 0.4625 0.440625 0.3359375000000001 0.440625 0.3359375000000001 0.4546875 0.4625 0.4546875
2 0.4609375 0.4203125 0.33281250000000007 0.4203125 0.33281250000000007 0.4375 0.4609375 0.4375
3 0.471875 0.6 0.33281250000000007 0.6 0.33281250000000007 0.6171875 0.471875 0.6171875
2 0.4703125 0.584375 0.3359375000000001 0.584375 0.3359375000000001 0.6 0.4703125 0.6
2 0.4671875 0.5640625 0.3343750000000001 0.5640625 0.3343750000000001 0.58125 0.4671875 0.58125
4 0.4640625 0.553125 0.3343750000000001 0.553125 0.3343750000000001 0.5671875 0.4640625 0.5671875
0 0.465625 0.5296875 0.33281250000000007 0.5296875 0.33281250000000007 0.5484375 0.465625 0.5484375
1 0.4640625 0.678125 0.3343750000000001 0.678125 0.3343750000000001 0.69375 0.4640625 0.69375
2 0.4640625 0.6625 0.3312500000000001 0.6625 0.3312500000000001 0.675 0.4640625 0.675
3 0.4578125 0.6421875 0.3343750000000001 0.6421875 0.3343750000000001 0.6609375 0.4578125 0.6609375
4 0.46562500000000007 0.7109375 0.3375000000000001 0.7109375 0.3375000000000001 0.728125 0.4656250000000002 0.728125
4 0.48437500000000017 0.8234375 0.3359375000000001 0.8234375 0.3359375000000001 0.84375 0.48437500000000017 0.84375
1 0.46875000000000017 0.80625 0.3312500000000001 0.80625 0.3312500000000001 0.8203125 0.46875000000000017 0.8203125
3 0.4671875000000002 0.7875 0.33281250000000007 0.7875 0.33281250000000007 0.8046875 0.4671875000000002 0.8046875
2 0.47187500000000016 0.7734375 0.33281250000000007 0.7734375 0.33281250000000007 0.7875 0.47187500000000016 0.7875
0 0.4671875000000002 0.7515625 0.33281250000000007 0.7515625 0.33281250000000007 0.771875 0.4671875000000002 0.771875
3 0.46875000000000017 0.934375 0.3359375000000001 0.934375 0.3359375000000001 0.9484375 0.46875000000000017 0.9484375
1 0.4750000000000002 0.91875 0.3343750000000001 0.91875 0.3343750000000001 0.9328125 0.4750000000000002 0.9328125
4 0.46875000000000017 0.896875 0.3312500000000001 0.896875 0.3312500000000001 0.915625 0.46875000000000017 0.915625
4 0.7125000000000001 0.9328125 0.5734375000000002 0.9328125 0.5734375000000002 0.9484375 0.7125000000000001 0.9484375
3 0.7000000000000002 0.9171875 0.5750000000000002 0.9171875 0.5750000000000002 0.9296875 0.7000000000000002 0.9296875
2 0.7093750000000002 0.8984375 0.5734375000000002 0.8984375 0.5734375000000002 0.9125 0.7093750000000002 0.9125
1 0.7140625000000002 0.8828125 0.5718750000000001 0.8828125 0.5718750000000001 0.8953125 0.7140625000000002 0.8953125
0 0.7031250000000002 0.8203125 0.5671875000000002 0.8203125 0.5671875000000002 0.8375 0.7031250000000002 0.8375
2 0.7000000000000002 0.7875 0.5750000000000002 0.7875 0.5750000000000002 0.8046875 0.7000000000000002 0.8046875
2 0.7046875000000001 0.7703125 0.5718750000000001 0.7703125 0.5718750000000001 0.78125 0.7046875000000001 0.78125
2 0.70625 0.7109375 0.5765625 0.7109375 0.5765625000000001 0.73125 0.7062500000000002 0.73125
3 0.6953125 0.6921875 0.5765625 0.6921875 0.5765625 0.7078125 0.6953125 0.7078125
3 0.696875 0.6609375 0.578125 0.6609375 0.578125 0.671875 0.696875 0.671875
0 0.6953125 0.640625 0.5703125 0.640625 0.5703125 0.65625 0.6953125 0.65625
3 0.7015625 0.603125 0.5703125 0.603125 0.5703125 0.615625 0.7015625 0.615625
1 0.70625 0.58125 0.571875 0.58125 0.571875 0.5953125 0.70625 0.5953125
3 0.6984375 0.565625 0.5765625 0.565625 0.5765625 0.578125 0.6984375 0.578125
1 0.7 0.546875 0.5671875 0.546875 0.5671875 0.559375 0.7 0.559375
0 0.6984375 0.5328125 0.5734375 0.5328125 0.5734375 0.5484375 0.6984375 0.5484375
3 0.7046875 0.490625 0.571875 0.490625 0.571875 0.509375 0.7046875 0.509375
2 0.7015625 0.4734375 0.56875 0.4734375 0.56875 0.4859375 0.7015625 0.4859375
1 0.6953125 0.4546875 0.5703125 0.4546875 0.5703125 0.465625 0.6953125 0.465625
1 0.703125 0.4375 0.56875 0.4375 0.56875 0.4515625 0.703125 0.4515625
1 0.928125 0.5796875000000001 0.8203125 0.5796875000000001 0.8203125 0.6000000000000002 0.928125 0.6000000000000002
2 0.940625 0.5625000000000002 0.8109375 0.5625000000000002 0.8109375 0.5843750000000002 0.940625 0.5843750000000002
1 0.9359375 0.5468750000000002 0.809375 0.5468750000000002 0.809375 0.5640625000000001 0.9359375 0.5640625000000001
0 0.934375 0.5281250000000002 0.8125 0.5281250000000002 0.8125 0.5484375000000001 0.934375 0.5484375000000001
1 0.94375 0.6750000000000002 0.8140625 0.6750000000000002 0.8140625 0.6906250000000002 0.94375 0.6906250000000002
1 0.94375 0.6562500000000002 0.8171875 0.6562500000000002 0.8171875 0.6750000000000002 0.94375 0.6750000000000002
0 0.9421875 0.6375000000000002 0.8125 0.6375000000000002 0.8125 0.6578125000000001 0.9421875 0.6578125000000001
2 0.946875 0.6921875000000002 0.815625 0.6921875000000002 0.815625 0.7093750000000002 0.946875 0.7093750000000002
2 0.9515625 0.3781250000000001 0.8015625 0.3781250000000001 0.8015625 0.40156250000000016 0.9515625 0.40156250000000016
1 0.940625 0.3609375000000001 0.8125 0.3609375000000001 0.8125 0.3750000000000001 0.940625 0.3750000000000001
3 0.9484375 0.3453125000000001 0.809375 0.3453125000000001 0.809375 0.3593750000000001 0.9484375 0.3593750000000001
3 0.7015625 0.3281250000000001 0.565625 0.3281250000000001 0.565625 0.3421875000000001 0.7015625 0.3421875000000001
2 0.93125 0.3265625000000001 0.8140625 0.3265625000000001 0.8140625 0.3390625000000001 0.93125 0.3390625000000001
1 0.9375 0.30937500000000007 0.809375 0.30937500000000007 0.809375 0.3218750000000001 0.9375 0.3218750000000001
3 0.6984375 0.37968750000000007 0.5703125 0.37968750000000007 0.5703125 0.3937500000000001 0.6984375 0.3937500000000001
2 0.7015625 0.3609375000000001 0.571875 0.3609375000000001 0.571875 0.3781250000000001 0.7015625 0.3781250000000001
1 0.22656250000000008 0.7140625 0.07968750000000009 0.7140625 0.07968750000000009 0.7390625 0.22656250000000008 0.7390625
1 0.2234375000000001 0.6734375 0.07812500000000008 0.6734375 0.07812500000000008 0.696875 0.2234375000000001 0.696875
2 0.2156250000000001 0.6609375 0.08593750000000008 0.6609375 0.08593750000000008 0.6796875 0.2156250000000001 0.6796875
3 0.2234375000000001 0.80625 0.09375000000000008 0.80625 0.0937500000000001 0.8234375 0.2234375000000001 0.8234375
2 0.2234375000000001 0.7765625 0.09687500000000009 0.7765625 0.09687500000000009 0.7890625 0.2234375000000001 0.7890625
1 0.2531250000000001 0.9328125 0.08281250000000011 0.9328125 0.08281250000000011 0.9515625 0.2531250000000001 0.9515625
3 0.25468750000000007 0.9234375 0.08437500000000012 0.9234375 0.08437500000000012 0.934375 0.25468750000000007 0.934375
2 0.2296875000000001 0.9046875 0.0875000000000001 0.9046875 0.0875000000000001 0.91875 0.2296875000000001 0.91875
2 0.2296875000000001 0.8859375 0.08906250000000011 0.8859375 0.08906250000000011 0.903125 0.2296875000000001 0.903125
2 0.2250000000000001 0.596875 0.09062500000000007 0.596875 0.09062500000000007 0.615625 0.2250000000000001 0.615625
2 0.2218750000000001 0.584375 0.09375000000000007 0.584375 0.09375000000000007 0.596875 0.2218750000000001 0.596875
2 0.2218750000000001 0.5671875 0.09375000000000007 0.5671875 0.09375000000000007 0.5859375 0.2218750000000001 0.5859375
1 0.22812500000000008 0.5515625 0.09218750000000006 0.5515625 0.09218750000000006 0.5671875 0.22812500000000008 0.5671875
0 0.2250000000000001 0.5359375 0.09375000000000007 0.5359375 0.09375000000000007 0.55 0.2250000000000001 0.55
0 0.2234375000000001 0.6421875 0.08750000000000009 0.6421875 0.08750000000000009 0.6609375 0.2234375000000001 0.6609375
0 0.215625 0.3125 0.08125000000000004 0.3125 0.08125000000000004 0.328125 0.215625 0.328125
0 0.94375 0.8203125 0.815625 0.8203125 0.815625 0.840625 0.94375 0.840625
1 0.940625 0.8046875 0.815625 0.8046875 0.815625 0.81875 0.940625 0.81875
2 0.940625 0.7875000000000002 0.821875 0.7875000000000002 0.821875 0.8046875 0.940625 0.8046875
1 0.9421875 0.7687500000000002 0.8203125 0.7687500000000002 0.8203125 0.7828125000000001 0.9421875 0.7828125000000001
3 0.94375 0.9296875 0.8171875 0.9296875 0.8171875 0.946875 0.94375 0.946875
2 0.9421875 0.915625 0.815625 0.915625 0.815625 0.93125 0.9421875 0.93125
1 0.9421875 0.896875 0.8171875 0.896875 0.8171875 0.9140625 0.9421875 0.9140625
0 0.9375 0.8796875 0.81875 0.8796875 0.81875 0.8984375 0.9375 0.8984375