0 0.2312500000000001 0.375 0.08281250000000004 0.375 0.08281250000000004 0.3921875 0.2312500000000001 0.3921875
0 0.21718750000000003 0.3609375 0.08437500000000005 0.3609375 0.08437500000000005 0.375 0.2171875000000001 0.375
0 0.2171875 0.34375 0.08750000000000005 0.34375 0.08750000000000005 0.359375 0.2171875 0.359375
0 0.2203125 0.325 0.08437500000000005 0.325 0.08437500000000005 0.340625 0.2203125 0.340625
0 0.2171875 0.309375 0.08750000000000005 0.309375 0.08750000000000005 0.3265625 0.2171875 0.3265625
1 0.2250000000000001 0.4875 0.09218750000000006 0.4875 0.09218750000000006 0.50625 0.2250000000000001 0.50625
1 0.21875000000000008 0.465625 0.08906250000000007 0.465625 0.08906250000000007 0.4828125 0.21875000000000008 0.4828125
1 0.2218750000000001 0.4515625 0.08437500000000005 0.4515625 0.08437500000000006 0.4703125 0.2218750000000001 0.4703125
1 0.21875000000000008 0.4375 0.08281250000000004 0.4375 0.08281250000000004 0.453125 0.21875000000000008 0.453125
1 0.22031250000000008 0.4203125 0.08593750000000004 0.4203125 0.08593750000000004 0.4359375 0.22031250000000008 0.4359375
1 0.465625 0.38125000000000003 0.3359375000000001 0.38125 0.3359375000000001 0.39843750000000006 0.465625 0.3984375000000001
1 0.4609375 0.35781250000000003 0.3265625 0.3578125 0.32656250000000003 0.3765625 0.4609375 0.3765625000000001
1 0.4609375 0.3453125 0.33125 0.3453125 0.33125 0.3609375 0.4609375 0.3609375000000001
1 0.4578125 0.32500000000000007 0.325 0.325 0.325 0.34218750000000003 0.4578125 0.3421875000000001
1 0.45 0.30781250000000004 0.328125 0.3078125 0.328125 0.32343750000000004 0.45 0.3234375000000001
2 0.22031250000000008 0.5984375 0.08750000000000006 0.5984375 0.08750000000000006 0.61875 0.22031250000000008 0.61875
2 0.2312500000000001 0.5828125 0.09218750000000006 0.5828125 0.09218750000000006 0.6 0.2312500000000001 0.6
2 0.22656250000000008 0.5640625 0.08906250000000007 0.5640625 0.08906250000000007 0.58125 0.22656250000000008 0.58125
2 0.22031250000000008 0.5453125 0.09062500000000007 0.5453125 0.09062500000000007 0.5640625 0.22031250000000008 0.5640625
2 0.21875000000000008 0.5296875 0.09218750000000006 0.5296875 0.09218750000000006 0.5453125 0.21875000000000008 0.5453125
2 0.4671875 0.4859375 0.3343750000000001 0.4859375 0.3343750000000001 0.5078125 0.4671875 0.5078125
2 0.4671875 0.4703125 0.3343750000000001 0.4703125 0.3343750000000001 0.484375 0.4671875 0.484375
2 0.4609375 0.453125 0.33281250000000007 0.453125 0.33281250000000007 0.4671875 0.4609375 0.4671875
2 0.4625 0.4375 0.3312500000000001 0.4375 0.3312500000000001 0.4515625 0.4625 0.4515625
2 0.4578125 0.4203125 0.3296875000000001 0.4203125 0.3296875000000001 0.4359375 0.4578125 0.4359375
2 0.703125 0.37187500000000007 0.5703125 0.37187500000000007 0.5703125 0.3937500000000001 0.703125 0.3937500000000001
2 0.7015625 0.35625000000000007 0.56875 0.35625000000000007 0.56875 0.3781250000000001 0.7015625 0.3781250000000001
2 0.6984375 0.3421875000000001 0.56875 0.3421875000000001 0.56875 0.3609375000000001 0.6984375 0.3609375000000001
2 0.7015625 0.3218750000000001 0.571875 0.3218750000000001 0.571875 0.34062500000000007 0.7015625 0.34062500000000007
2 0.6953125 0.3062500000000001 0.56875 0.3062500000000001 0.56875 0.3234375000000001 0.6953125 0.3234375000000001
3 0.934375 0.3765625000000001 0.8171875 0.3765625000000001 0.8171875 0.3937500000000001 0.934375 0.3937500000000001
3 0.9328125 0.3593750000000001 0.815625 0.3593750000000001 0.815625 0.3781250000000001 0.9328125 0.3781250000000001
3 0.9359375 0.34062500000000007 0.8109375 0.34062500000000007 0.8109375 0.3578125000000001 0.9359375 0.3578125000000001
3 0.9421875 0.32500000000000007 0.8140625 0.32500000000000007 0.8140625 0.3421875000000001 0.9421875 0.3421875000000001
3 0.940625 0.3078125000000001 0.8125 0.3078125000000001 0.8125 0.32500000000000007 0.940625 0.32500000000000007
3 0.7015625 0.4875 0.571875 0.4875 0.571875 0.5046875 0.7015625 0.5046875
3 0.7 0.46875 0.5703125 0.46875 0.5703125 0.4859375 0.7 0.4859375
3 0.7046875 0.45 0.571875 0.45 0.571875 0.465625 0.7046875 0.465625
3 0.703125 0.434375 0.571875 0.434375 0.571875 0.45 0.703125 0.45
3 0.7046875 0.41875 0.5671875 0.41875 0.5671875 0.4328125 0.7046875 0.4328125
3 0.4625 0.6015625 0.3343750000000001 0.6015625 0.3343750000000001 0.61875 0.4625 0.61875
3 0.459375 0.5828125 0.3296875000000001 0.5828125 0.3296875000000001 0.5984375 0.459375 0.5984375
3 0.4578125 0.5640625 0.3359375000000001 0.5640625 0.3359375000000001 0.58125 0.4578125 0.58125
3 0.459375 0.5484375 0.3296875000000001 0.5484375 0.3296875000000001 0.5640625 0.459375 0.5640625
3 0.453125 0.53125 0.3265625000000001 0.53125 0.3265625000000001 0.546875 0.453125 0.546875
3 0.2250000000000001 0.7109375 0.08906250000000009 0.7109375 0.08906250000000009 0.7265625 0.2250000000000001 0.7265625
3 0.2234375000000001 0.690625 0.09218750000000009 0.690625 0.09218750000000009 0.7078125 0.2234375000000001 0.7078125
3 0.2234375000000001 0.6765625 0.08593750000000008 0.6765625 0.08593750000000008 0.6921875 0.2234375000000001 0.6921875
3 0.2218750000000001 0.659375 0.0906250000000001 0.659375 0.0906250000000001 0.6765625 0.2218750000000001 0.6765625
3 0.22031250000000008 0.6421875 0.08906250000000009 0.6421875 0.08906250000000009 0.6578125 0.22031250000000008 0.6578125
4 0.940625 0.48437500000000017 0.8140625 0.48437500000000017 0.8140625 0.5015625000000001 0.940625 0.5015625000000001
4 0.9359375 0.4671875000000002 0.8125 0.4671875000000002 0.8125 0.4812500000000002 0.9359375 0.4812500000000002
4 0.9328125 0.45312500000000017 0.8140625 0.45312500000000017 0.8140625 0.4656250000000002 0.9328125 0.4656250000000002
4 0.934375 0.4343750000000002 0.815625 0.4343750000000002 0.815625 0.4515625000000002 0.934375 0.4515625000000002
4 0.9359375 0.4187500000000002 0.815625 0.4187500000000002 0.815625 0.43281250000000016 0.9359375 0.43281250000000016
4 0.70625 0.5953125 0.5703125 0.5953125 0.5703125 0.6140625 0.70625 0.6140625
4 0.6953125 0.578125 0.56875 0.578125 0.56875 0.59375 0.6953125 0.59375
4 0.703125 0.5609375 0.56875 0.5609375 0.56875 0.5796875 0.703125 0.5796875
4 0.7 0.55 0.5734375 0.55 0.5734375 0.565625 0.7 0.565625
4 0.7046875 0.528125 0.5640625 0.528125 0.5640625 0.546875 0.7046875 0.546875
4 0.4625000000000001 0.7078125 0.33281250000000007 0.7078125 0.33281250000000007 0.728125 0.4625000000000002 0.728125
4 0.4578125 0.6921875 0.3312500000000001 0.6921875 0.3312500000000001 0.70625 0.4578125 0.70625
4 0.4671875 0.6734375 0.3296875000000001 0.6734375 0.3296875000000001 0.6921875 0.4671875 0.6921875
4 0.4671875 0.659375 0.3343750000000001 0.659375 0.3343750000000001 0.6734375 0.4671875 0.6734375
4 0.4578125 0.640625 0.3296875000000001 0.640625 0.3296875000000001 0.6609375 0.4578125 0.6609375
4 0.21875000000000008 0.8203125 0.09218750000000012 0.8203125 0.09218750000000012 0.8375 0.21875000000000008 0.8375
4 0.21875000000000008 0.803125 0.08437500000000009 0.803125 0.08437500000000009 0.815625 0.21875000000000008 0.815625
4 0.2171875000000001 0.7890625 0.08906250000000009 0.7890625 0.08906250000000009 0.8046875 0.2171875000000001 0.8046875
4 0.2312500000000001 0.7703125 0.09375000000000008 0.7703125 0.09375000000000008 0.7875 0.2312500000000001 0.7875
4 0.21875000000000008 0.753125 0.0906250000000001 0.753125 0.0906250000000001 0.76875 0.21875000000000008 0.76875
0 0.23437500000000008 0.93125 0.09375000000000011 0.93125 0.09375000000000011 0.946875 0.23437500000000008 0.946875
0 0.2234375000000001 0.9171875 0.09218750000000012 0.9171875 0.09218750000000012 0.9296875 0.2234375000000001 0.9296875
0 0.2218750000000001 0.896875 0.09218750000000012 0.896875 0.09218750000000012 0.915625 0.2218750000000001 0.915625
0 0.21875000000000008 0.8828125 0.09218750000000012 0.8828125 0.09218750000000012 0.896875 0.21875000000000008 0.896875
0 0.2218750000000001 0.865625 0.08906250000000011 0.865625 0.08906250000000011 0.8796875 0.2218750000000001 0.8796875
0 0.46093750000000017 0.821875 0.3312500000000001 0.821875 0.3312500000000001 0.8375 0.46093750000000017 0.8375
0 0.4625000000000002 0.803125 0.33281250000000007 0.803125 0.33281250000000007 0.81875 0.4625000000000002 0.81875
0 0.4625000000000002 0.7828125 0.3312500000000001 0.7828125 0.3312500000000001 0.7984375 0.4625000000000002 0.7984375
0 0.4578125000000002 0.7703125 0.3296875000000001 0.7703125 0.3296875000000001 0.7828125 0.4578125000000002 0.7828125
0 0.4593750000000002 0.7546875 0.3312500000000001 0.7546875 0.3312500000000001 0.76875 0.4593750000000002 0.76875
0 0.70625 0.709375 0.56875 0.709375 0.56875 0.7234375 0.70625 0.7234375
0 0.70625 0.690625 0.575 0.690625 0.575 0.7109375 0.70625 0.7109375
0 0.703125 0.6734375 0.571875 0.6734375 0.571875 0.6875 0.703125 0.6875
0 0.696875 0.6578125 0.56875 0.6578125 0.56875 0.6703125 0.696875 0.6703125
0 0.7046875 0.6375 0.5671875 0.6375 0.5671875 0.6546875 0.7046875 0.6546875
0 0.9421875 0.5937500000000002 0.8125 0.5937500000000002 0.8125 0.6171875000000002 0.9421875 0.6171875000000002
0 0.9359375 0.5812500000000002 0.809375 0.5812500000000002 0.809375 0.5984375000000002 0.9359375 0.5984375000000002
0 0.9375 0.5625000000000002 0.8015625 0.5625000000000002 0.8015625 0.5750000000000002 0.9375 0.5750000000000002
0 0.934375 0.5437500000000002 0.8140625 0.5437500000000002 0.8140625 0.5562500000000001 0.934375 0.5562500000000001
0 0.9359375 0.5281250000000002 0.809375 0.5281250000000002 0.809375 0.5421875000000002 0.9359375 0.5421875000000002
1 0.940625 0.7062500000000002 0.81875 0.7062500000000002 0.81875 0.7218750000000002 0.940625 0.7218750000000002
1 0.9421875 0.6890625000000001 0.815625 0.6890625000000001 0.815625 0.7015625000000002 0.9421875 0.7015625000000002
1 0.9359375 0.6750000000000002 0.8171875 0.6750000000000002 0.8171875 0.6875000000000002 0.9359375 0.6875000000000002
1 0.9375 0.6609375000000002 0.815625 0.6609375000000002 0.815625 0.6750000000000002 0.9375 0.6750000000000002
1 0.9390625 0.6421875000000001 0.8125 0.6421875000000001 0.8125 0.6578125000000001 0.9390625 0.6578125000000001
1 0.7125000000000001 0.8203125 0.5734375000000002 0.8203125 0.5734375000000002 0.8375 0.7125000000000001 0.8375
1 0.7109375000000002 0.8 0.5687500000000002 0.8 0.5687500000000002 0.8171875 0.7109375000000002 0.8171875
1 0.7031250000000002 0.7859375 0.5750000000000002 0.7859375 0.5750000000000002 0.803125 0.7031250000000002 0.803125
1 0.7078125000000002 0.771875 0.5765625000000002 0.771875 0.5765625000000002 0.784375 0.7078125000000002 0.784375
1 0.7078125000000002 0.7515625 0.5734375000000002 0.7515625 0.5734375000000002 0.7640625 0.7078125000000002 0.7640625
1 0.4625000000000002 0.9328125 0.3375000000000001 0.9328125 0.3375000000000001 0.9484375 0.4625000000000002 0.9484375
1 0.4671875000000002 0.9140625 0.3343750000000001 0.9140625 0.3343750000000001 0.9328125 0.4671875000000002 0.9328125
1 0.46093750000000017 0.89375 0.3296875000000001 0.89375 0.3296875000000001 0.9140625 0.46093750000000017 0.9140625
1 0.46093750000000017 0.88125 0.3312500000000001 0.88125 0.3312500000000001 0.8921875 0.46093750000000017 0.8921875
1 0.46406250000000016 0.8625 0.3296875000000001 0.8625 0.3296875000000001 0.8796875 0.46406250000000016 0.8796875
2 0.7125000000000001 0.9296875 0.5765625000000002 0.9296875 0.5765625000000002 0.946875 0.7125000000000001 0.946875
2 0.7078125000000002 0.915625 0.5796875000000001 0.915625 0.5796875000000001 0.928125 0.7078125000000002 0.928125
2 0.7093750000000002 0.896875 0.5796875000000001 0.896875 0.5796875000000001 0.9125 0.7093750000000002 0.9125
2 0.7046875000000001 0.8828125 0.5781250000000002 0.8828125 0.5781250000000002 0.8953125 0.7046875000000001 0.8953125
2 0.7015625000000002 0.8625 0.5734375000000002 0.8625 0.5734375000000002 0.8765625 0.7015625000000002 0.8765625
2 0.9453125 0.81875 0.8234375 0.81875 0.8234375 0.8375 0.9453125 0.8375
2 0.940625 0.803125 0.81875 0.803125 0.81875 0.815625 0.940625 0.815625
2 0.9390625 0.7859375000000002 0.8140625 0.7859375000000002 0.8140625 0.803125 0.9390625 0.803125
2 0.9390625 0.7687500000000002 0.81875 0.7687500000000002 0.81875 0.7875000000000002 0.9390625 0.7875000000000002
2 0.9375 0.7546875000000002 0.81875 0.7546875000000002 0.81875 0.7718750000000002 0.9375 0.7718750000000002
3 0.9390625 0.9328125 0.821875 0.9328125 0.821875 0.9484375 0.9390625 0.9484375
3 0.9390625 0.9140625 0.821875 0.9140625 0.821875 0.9328125 0.9390625 0.9328125
3 0.9328125 0.896875 0.821875 0.896875 0.821875 0.9125 0.9328125 0.9125
3 0.934375 0.878125 0.8203125 0.878125 0.8203125 0.896875 0.934375 0.896875
3 0.934375 0.8625 0.81875 0.8625 0.81875 0.8796875 0.934375 0.8796875