2 0.2250000000000001 0.378125 0.08437500000000005 0.378125 0.08437500000000005 0.4015625 0.2250000000000001 0.4015625
0 0.21250000000000005 0.3609375 0.08593750000000004 0.3609375 0.08593750000000004 0.38125 0.21250000000000008 0.38125
4 0.21875 0.3453125 0.08750000000000005 0.3453125 0.08750000000000005 0.3609375 0.21875 0.3609375
1 0.2125 0.3265625 0.08281250000000004 0.3265625 0.08281250000000004 0.3421875 0.2125 0.3421875
2 0.2109375 0.309375 0.08593750000000004 0.309375 0.08593750000000004 0.3265625 0.2109375 0.3265625
3 0.2234375000000001 0.4890625 0.08281250000000007 0.4890625 0.08281250000000007 0.509375 0.2234375000000001 0.509375
0 0.2156250000000001 0.471875 0.08750000000000006 0.471875 0.08750000000000006 0.4890625 0.2156250000000001 0.4890625
4 0.2250000000000001 0.45625 0.08437500000000006 0.45625 0.08437500000000006 0.4703125 0.2250000000000001 0.4703125
1 0.21875000000000008 0.4390625 0.08125000000000004 0.4390625 0.08125000000000006 0.45625 0.21875000000000008 0.45625
3 0.2171875000000001 0.41875 0.08125000000000004 0.41875 0.08125000000000004 0.4390625 0.2171875000000001 0.4390625
3 0.2171875000000001 0.5484375 0.08437500000000006 0.5484375 0.08437500000000006 0.5671875 0.2171875000000001 0.5671875
1 0.22031250000000008 0.53125 0.08281250000000007 0.53125 0.08281250000000007 0.55 0.22031250000000008 0.55
4 0.21250000000000008 0.584375 0.09218750000000006 0.584375 0.09218750000000006 0.6015625 0.21250000000000008 0.6015625
4 0.21093750000000008 0.6765625 0.08593750000000008 0.6765625 0.08593750000000008 0.69375 0.21093750000000008 0.69375
1 0.2140625000000001 0.6609375 0.08437500000000009 0.6609375 0.08437500000000009 0.675 0.2140625000000001 0.675
3 0.2171875000000001 0.6421875 0.08906250000000009 0.6421875 0.08906250000000009 0.6609375 0.2171875000000001 0.6609375
3 0.21250000000000008 0.709375 0.09218750000000009 0.709375 0.09218750000000009 0.7265625 0.21250000000000008 0.7265625
4 0.21875000000000008 0.80625 0.08593750000000008 0.80625 0.0859375000000001 0.821875 0.21875000000000008 0.821875
1 0.2218750000000001 0.7890625 0.08437500000000009 0.7890625 0.08437500000000009 0.80625 0.2218750000000001 0.80625
3 0.2250000000000001 0.7703125 0.08750000000000009 0.7703125 0.08750000000000009 0.7890625 0.2250000000000001 0.7890625
0 0.21875000000000008 0.75 0.08593750000000008 0.75 0.08593750000000008 0.76875 0.21875000000000008 0.76875
3 0.21875000000000008 0.884375 0.09375000000000011 0.884375 0.09375000000000011 0.8984375 0.21875000000000008 0.8984375
2 0.2140625000000001 0.8625 0.0875000000000001 0.8625 0.0875000000000001 0.8796875 0.2140625000000001 0.8796875
4 0.2218750000000001 0.91875 0.08593750000000011 0.91875 0.08593750000000011 0.93125 0.2218750000000001 0.93125
1 0.45625000000000016 0.934375 0.3343750000000001 0.934375 0.3343750000000001 0.9515625 0.45625000000000016 0.9515625
3 0.4546875000000002 0.915625 0.34062500000000007 0.915625 0.34062500000000007 0.9328125 0.4546875000000002 0.9328125
1 0.4500000000000002 0.9015625 0.3375000000000001 0.9015625 0.3375000000000001 0.9140625 0.4500000000000002 0.9140625
3 0.45312500000000017 0.8828125 0.3375000000000001 0.8828125 0.3375000000000001 0.8984375 0.45312500000000017 0.8984375
4 0.4515625000000002 0.821875 0.3296875000000001 0.821875 0.3296875000000001 0.8390625 0.4515625000000002 0.8390625
2 0.4578125000000002 0.8046875 0.3312500000000001 0.8046875 0.3312500000000001 0.8171875 0.4578125000000002 0.8171875
2 0.4515625000000002 0.7671875 0.3187500000000001 0.7671875 0.3187500000000001 0.784375 0.4515625000000002 0.784375
4 0.45312500000000017 0.7484375 0.3296875000000001 0.7484375 0.3296875000000001 0.76875 0.45312500000000017 0.76875
4 0.4625 0.690625 0.3296875000000001 0.690625 0.3296875000000001 0.7078125 0.4625 0.7078125
4 0.4546875 0.675 0.3312500000000001 0.675 0.3312500000000001 0.6890625 0.4546875 0.6890625
1 0.453125 0.6421875 0.3296875000000001 0.6421875 0.3296875000000001 0.6578125 0.453125 0.6578125
3 0.4578125 0.6 0.3265625000000001 0.6 0.3265625000000001 0.6234375 0.4578125 0.6234375
2 0.4515625 0.58125 0.32500000000000007 0.58125 0.32500000000000007 0.5953125 0.4515625 0.5953125
1 0.45 0.55 0.3265625000000001 0.55 0.3265625000000001 0.5609375 0.45 0.5609375
3 0.44375 0.5296875 0.3375000000000001 0.5296875 0.3375000000000001 0.546875 0.44375 0.546875
1 0.45625 0.490625 0.3265625000000001 0.490625 0.3265625000000001 0.50625 0.45625 0.50625
3 0.4484375 0.471875 0.3281250000000001 0.471875 0.3281250000000001 0.4859375 0.4484375 0.4859375
0 0.4609375 0.45625 0.3312500000000001 0.45625 0.3312500000000001 0.4703125 0.4609375 0.4703125
1 0.453125 0.4375 0.3296875000000001 0.4375 0.3296875000000001 0.45 0.453125 0.45
3 0.46875 0.41875 0.3281250000000001 0.41875 0.3281250000000001 0.4359375 0.46875 0.4359375
1 0.4625 0.37812500000000004 0.32500000000000007 0.378125 0.32500000000000007 0.39687500000000003 0.4625 0.3968750000000001
1 0.45625 0.32500000000000007 0.325 0.325 0.325 0.34218750000000003 0.45625 0.3421875000000001
1 0.4546875 0.30625 0.3234375 0.30625 0.3234375 0.32343750000000004 0.4546875 0.3234375000000001
3 0.7078125 0.3421875000000001 0.5625 0.3421875000000001 0.5625 0.3546875000000001 0.7078125 0.3546875000000001
1 0.6921875 0.3265625000000001 0.5625 0.3265625000000001 0.5625 0.34062500000000007 0.6921875 0.34062500000000007
2 0.69375 0.3593750000000001 0.5640625 0.3593750000000001 0.5640625 0.3812500000000001 0.69375 0.3812500000000001
2 0.696875 0.5296875 0.56875 0.5296875 0.56875 0.5421875 0.696875 0.5421875
1 0.7078125 0.5984375 0.5625 0.5984375 0.5625 0.615625 0.7078125 0.615625
4 0.6984375 0.5828125 0.5640625 0.5828125 0.5640625 0.5984375 0.6984375 0.5984375
0 0.6953125 0.5671875 0.56875 0.5671875 0.56875 0.584375 0.6953125 0.584375
1 0.6921875 0.659375 0.5671875 0.659375 0.5671875 0.6734375 0.6921875 0.6734375
2 0.703125 0.70625 0.5625 0.70625 0.5625 0.725 0.703125 0.725
1 0.696875 0.6921875 0.5640625 0.6921875 0.5640625 0.709375 0.696875 0.709375
3 0.7031250000000002 0.7890625 0.5640625000000001 0.7890625 0.5640625000000001 0.803125 0.7031250000000002 0.803125
1 0.6984375000000002 0.76875 0.5609375000000002 0.76875 0.5609375000000002 0.7890625 0.6984375000000002 0.7890625
3 0.6937500000000002 0.753125 0.5656250000000002 0.753125 0.5656250000000002 0.7734375 0.6937500000000002 0.7734375
3 0.6968750000000001 0.821875 0.5687500000000002 0.821875 0.5687500000000002 0.840625 0.6968750000000001 0.840625
1 0.7078125000000002 0.93125 0.5671875000000002 0.93125 0.5671875000000002 0.9515625 0.7078125000000002 0.9515625
3 0.6984375000000002 0.915625 0.5750000000000002 0.915625 0.5750000000000002 0.934375 0.6984375000000002 0.934375
2 0.7078125000000002 0.896875 0.5671875000000002 0.896875 0.5671875000000002 0.9109375 0.7078125000000002 0.9109375
4 0.7046875000000001 0.88125 0.5687500000000002 0.88125 0.5687500000000002 0.9015625 0.7046875000000001 0.9015625
1 0.6921875000000002 0.8640625 0.5593750000000002 0.8640625 0.5593750000000002 0.8796875 0.6921875000000002 0.8796875
4 0.9296875 0.8984375 0.8109375 0.8984375 0.8109375 0.915625 0.9296875 0.915625
1 0.9375 0.88125 0.8078125 0.88125 0.8078125 0.8953125 0.9375 0.8953125
3 0.9390625 0.8625 0.809375 0.8625 0.809375 0.8796875 0.9390625 0.8796875
3 0.9328125 0.934375 0.81875 0.934375 0.81875 0.95 0.9328125 0.95
4 0.9296875 0.8046875 0.80625 0.8046875 0.80625 0.8203125 0.9296875 0.8203125
3 0.934375 0.7859375000000002 0.8125 0.7859375000000002 0.8125 0.7984375000000001 0.934375 0.7984375000000001
2 0.9328125 0.7703125000000002 0.8140625 0.7703125000000002 0.8140625 0.7812500000000002 0.9328125 0.7812500000000002
1 0.934375 0.7468750000000002 0.8078125 0.7468750000000002 0.8078125 0.7703125000000002 0.934375 0.7703125000000002
0 0.9296875 0.6906250000000002 0.8140625 0.6906250000000002 0.8140625 0.7078125000000002 0.9296875 0.7078125000000002
1 0.9328125 0.6578125000000001 0.80625 0.6578125000000001 0.80625 0.6718750000000002 0.9328125 0.6718750000000002
3 0.934375 0.6421875000000001 0.815625 0.6421875000000001 0.815625 0.6578125000000001 0.934375 0.6578125000000001
2 0.940625 0.6000000000000002 0.8109375 0.6000000000000002 0.8109375 0.6203125000000002 0.940625 0.6203125000000002
4 0.940625 0.5843750000000002 0.8109375 0.5843750000000002 0.8109375 0.5984375000000002 0.940625 0.5984375000000002
2 0.934375 0.5640625000000001 0.8125 0.5640625000000001 0.8125 0.5812500000000002 0.934375 0.5812500000000002
3 0.9296875 0.5281250000000002 0.8078125 0.5281250000000002 0.8078125 0.5453125000000002 0.9296875 0.5453125000000002
1 0.7078125 0.4875 0.5703125 0.4875 0.5703125 0.5078125 0.7078125 0.5078125
4 0.703125 0.4734375 0.56875 0.4734375 0.56875 0.4859375 0.703125 0.4859375
3 0.6890625 0.4546875 0.575 0.4546875 0.575 0.4703125 0.6890625 0.4703125
1 0.69375 0.434375 0.571875 0.434375 0.571875 0.4515625 0.69375 0.4515625
3 0.690625 0.41875 0.5703125 0.41875 0.5703125 0.4375 0.690625 0.4375
1 0.9265625 0.48750000000000016 0.8078125 0.48750000000000016 0.8078125 0.5046875000000002 0.9265625 0.5046875000000002
3 0.9296875 0.47187500000000016 0.8125 0.47187500000000016 0.8125 0.4828125000000002 0.9296875 0.4828125000000002
3 0.93125 0.3765625000000001 0.8109375 0.3765625000000001 0.8109375 0.3906250000000001 0.93125 0.3906250000000001
1 0.9421875 0.3578125000000001 0.809375 0.3578125000000001 0.809375 0.3781250000000001 0.9421875 0.3781250000000001
5 0.9328125 0.3437500000000001 0.80625 0.3437500000000001 0.80625 0.3531250000000001 0.9328125 0.3531250000000001
1 0.9359375 0.3281250000000001 0.8015625 0.3281250000000001 0.8015625 0.34062500000000007 0.9359375 0.34062500000000007
3 0.93125 0.30937500000000007 0.8078125 0.30937500000000007 0.8078125 0.3234375000000001 0.93125 0.3234375000000001
1 0.9328125 0.4546875000000002 0.803125 0.4546875000000002 0.803125 0.4671875000000002 0.9328125 0.4671875000000002
2 0.928125 0.4359375000000002 0.80625 0.4359375000000002 0.80625 0.45312500000000017 0.928125 0.45312500000000017