2 0.21250000000000008 0.38125 0.08750000000000005 0.38125 0.08750000000000005 0.3953125 0.21250000000000008 0.3953125
1 0.21406250000000004 0.3625 0.09531250000000005 0.3625 0.09531250000000005 0.3734375 0.2140625000000001 0.3734375
2 0.23281250000000003 0.3453125 0.09062500000000004 0.3453125 0.09062500000000004 0.3640625 0.2328125000000001 0.3640625
3 0.2203125 0.328125 0.09062500000000004 0.328125 0.09062500000000004 0.340625 0.2203125 0.340625
4 0.21875 0.3078125 0.08906250000000004 0.3078125 0.08906250000000004 0.328125 0.21875 0.328125
1 0.4546875 0.32656250000000003 0.3296875 0.3265625 0.3296875 0.3375 0.4546875 0.3375000000000001
1 0.4453125 0.30937500000000007 0.3234375 0.309375 0.3234375 0.321875 0.4453125 0.3218750000000001
3 0.4734375 0.37968750000000007 0.3265625000000001 0.3796875 0.3265625000000001 0.3921875 0.4734375 0.3921875000000001
2 0.45 0.3609375 0.3359375 0.3609375 0.33593750000000006 0.37031250000000004 0.45 0.3703125000000001
3 0.45 0.34687500000000004 0.3296875 0.346875 0.3296875 0.36250000000000004 0.45 0.3625000000000001
0 0.696875 0.3781250000000001 0.56875 0.3781250000000001 0.56875 0.3968750000000001 0.696875 0.3968750000000001
3 0.6921875 0.3593750000000001 0.5625 0.3593750000000001 0.5625 0.3687500000000001 0.6921875 0.3687500000000001
1 0.696875 0.3437500000000001 0.5640625 0.3437500000000001 0.5640625 0.3609375000000001 0.696875 0.3609375000000001
2 0.6984375 0.3265625000000001 0.56875 0.3265625000000001 0.56875 0.3390625000000001 0.6984375 0.3390625000000001
1 0.70625 0.30937500000000007 0.575 0.30937500000000007 0.575 0.32500000000000007 0.70625 0.32500000000000007
3 0.928125 0.3781250000000001 0.8125 0.3781250000000001 0.8125 0.3968750000000001 0.928125 0.3968750000000001
1 0.9390625 0.3593750000000001 0.8140625 0.3593750000000001 0.8140625 0.3734375000000001 0.9390625 0.3734375000000001
3 0.9359375 0.3421875000000001 0.8078125 0.3421875000000001 0.8078125 0.3578125000000001 0.9359375 0.3578125000000001
2 0.934375 0.3265625000000001 0.8140625 0.3265625000000001 0.8140625 0.3390625000000001 0.934375 0.3390625000000001
0 0.9328125 0.30937500000000007 0.8109375 0.30937500000000007 0.8109375 0.3203125000000001 0.9328125 0.3203125000000001
3 0.93125 0.4890625000000002 0.8078125 0.4890625000000002 0.8078125 0.5000000000000002 0.93125 0.5000000000000002
1 0.9375 0.4703125000000002 0.8078125 0.4703125000000002 0.8078125 0.48750000000000016 0.9375 0.48750000000000016
3 0.9359375 0.4546875000000002 0.8 0.4546875000000002 0.8 0.4671875000000002 0.9359375 0.4671875000000002
2 0.940625 0.4359375000000002 0.809375 0.4359375000000002 0.809375 0.4546875000000002 0.940625 0.4546875000000002
0 0.93125 0.4187500000000002 0.8125 0.4187500000000002 0.8125 0.4359375000000002 0.93125 0.4359375000000002
3 0.690625 0.4890625 0.571875 0.4890625 0.571875 0.503125 0.690625 0.503125
1 0.7109375 0.4703125 0.5765625 0.4703125 0.5765625 0.4828125 0.7109375 0.4828125
3 0.6875 0.4546875 0.56875 0.4546875 0.56875 0.4671875 0.6875 0.4671875
3 0.684375 0.4375 0.5671875 0.4375 0.5671875 0.4515625 0.684375 0.4515625
2 0.6890625 0.4203125 0.56875 0.4203125 0.56875 0.4375 0.6890625 0.4375
2 0.4578125 0.4375 0.3296875000000001 0.4375 0.3296875000000001 0.453125 0.4578125 0.453125
3 0.453125 0.421875 0.3312500000000001 0.421875 0.3312500000000001 0.4375 0.453125 0.4375
3 0.4640625 0.4890625 0.3265625000000001 0.4890625 0.3265625000000001 0.5 0.4640625 0.5
3 0.4671875 0.4734375 0.3343750000000001 0.4734375 0.3343750000000001 0.4859375 0.4671875 0.4859375
2 0.4515625 0.459375 0.33281250000000007 0.459375 0.33281250000000007 0.4703125 0.4515625 0.4703125
3 0.2296875000000001 0.490625 0.09218750000000006 0.490625 0.09218750000000006 0.503125 0.2296875000000001 0.503125
1 0.21875000000000008 0.471875 0.09062500000000007 0.471875 0.09062500000000007 0.4859375 0.21875000000000008 0.4859375
1 0.22812500000000008 0.4578125 0.09687500000000007 0.4578125 0.09687500000000007 0.46875 0.22812500000000008 0.46875
3 0.2171875000000001 0.4390625 0.09531250000000005 0.4390625 0.09531250000000005 0.45625 0.2171875000000001 0.45625
4 0.2171875000000001 0.4234375 0.09531250000000005 0.4234375 0.09531250000000005 0.4359375 0.2171875000000001 0.4359375
4 0.2218750000000001 0.6 0.09531250000000006 0.6 0.09531250000000006 0.615625 0.2218750000000001 0.615625
2 0.22031250000000008 0.584375 0.09218750000000006 0.584375 0.09218750000000006 0.5984375 0.22031250000000008 0.5984375
1 0.2171875000000001 0.5671875 0.09218750000000006 0.5671875 0.09218750000000006 0.5828125 0.2171875000000001 0.5828125
3 0.21875000000000008 0.5515625 0.09218750000000006 0.5515625 0.09218750000000006 0.559375 0.21875000000000008 0.559375
2 0.21875000000000008 0.5328125 0.08750000000000006 0.5328125 0.08750000000000006 0.5453125 0.21875000000000008 0.5453125
2 0.4609375 0.6015625 0.3359375000000001 0.6015625 0.3359375000000001 0.6125 0.4609375 0.6125
3 0.46875 0.5828125 0.3343750000000001 0.5828125 0.3343750000000001 0.5953125 0.46875 0.5953125
1 0.4671875 0.5640625 0.3312500000000001 0.5640625 0.3312500000000001 0.578125 0.4671875 0.578125
2 0.4546875 0.5484375 0.3296875000000001 0.5484375 0.3296875000000001 0.5640625 0.4546875 0.5640625
2 0.6984375 0.5984375 0.5671875 0.5984375 0.5671875 0.6140625 0.6984375 0.6140625
1 0.6953125 0.5828125 0.5671875 0.5828125 0.5671875 0.5953125 0.6953125 0.5953125
2 0.7015625 0.5640625 0.5703125 0.5640625 0.5703125 0.578125 0.7015625 0.578125
3 0.7015625 0.546875 0.5734375 0.546875 0.5734375 0.5609375 0.7015625 0.5609375
1 0.69375 0.5328125 0.571875 0.5328125 0.571875 0.5453125 0.69375 0.5453125
1 0.9390625 0.6015625000000002 0.8109375 0.6015625000000002 0.8109375 0.6156250000000002 0.9390625 0.6156250000000002
1 0.9421875 0.5812500000000002 0.8140625 0.5812500000000002 0.8140625 0.5968750000000002 0.9421875 0.5968750000000002
1 0.9296875 0.5625000000000002 0.8125 0.5625000000000002 0.8125 0.5781250000000002 0.9296875 0.5781250000000002
3 0.93125 0.5484375000000001 0.8140625 0.5484375000000001 0.8140625 0.5625000000000002 0.93125 0.5625000000000002
0 0.934375 0.5312500000000002 0.8109375 0.5312500000000002 0.8109375 0.5453125000000002 0.934375 0.5453125000000002
2 0.21250000000000008 0.7140625 0.0906250000000001 0.7140625 0.0906250000000001 0.728125 0.21250000000000008 0.728125
2 0.2140625000000001 0.696875 0.0906250000000001 0.696875 0.0906250000000001 0.7078125 0.2140625000000001 0.7078125
2 0.2140625000000001 0.6796875 0.0906250000000001 0.6796875 0.0906250000000001 0.690625 0.2140625000000001 0.690625
1 0.2218750000000001 0.6625 0.08593750000000008 0.6625 0.08593750000000008 0.671875 0.2218750000000001 0.671875
2 0.2156250000000001 0.64375 0.08593750000000008 0.64375 0.08593750000000008 0.6609375 0.2156250000000001 0.6609375
3 0.46875 0.7140625 0.33281250000000007 0.7140625 0.33281250000000007 0.7234375 0.46875 0.7234375
1 0.4640625 0.69375 0.3281250000000001 0.69375 0.3281250000000001 0.709375 0.4640625 0.709375
3 0.459375 0.6765625 0.3359375000000001 0.6765625 0.3359375000000001 0.6921875 0.459375 0.6921875
2 0.45 0.6609375 0.33281250000000007 0.6609375 0.33281250000000007 0.675 0.45 0.675
4 0.45625 0.64375 0.3312500000000001 0.64375 0.3312500000000001 0.65625 0.45625 0.65625
3 0.7093750000000001 0.7125 0.571875 0.7125 0.5718750000000001 0.728125 0.7093750000000002 0.728125
3 0.7 0.6921875 0.571875 0.6921875 0.571875 0.7078125 0.7 0.7078125
2 0.7046875 0.678125 0.571875 0.678125 0.571875 0.690625 0.7046875 0.690625
3 0.690625 0.6609375 0.5734375 0.6609375 0.5734375 0.6734375 0.690625 0.6734375
1 0.7015625 0.6421875 0.56875 0.6421875 0.56875 0.6546875 0.7015625 0.6546875
1 0.9359375 0.7093750000000002 0.8125 0.7093750000000002 0.8125 0.7265625000000002 0.9359375 0.7265625000000002
1 0.934375 0.6937500000000002 0.8125 0.6937500000000002 0.8125 0.7078125000000002 0.934375 0.7078125000000002
2 0.9375 0.6750000000000002 0.8125 0.6750000000000002 0.8125 0.6890625000000001 0.9375 0.6890625000000001
2 0.9359375 0.6593750000000002 0.809375 0.6593750000000002 0.809375 0.6734375000000001 0.9359375 0.6734375000000001
0 0.940625 0.6421875000000001 0.8171875 0.6421875000000001 0.8171875 0.6578125000000001 0.940625 0.6578125000000001
1 0.22656250000000008 0.821875 0.09062500000000011 0.821875 0.09062500000000011 0.8359375 0.22656250000000008 0.8359375
2 0.21875000000000008 0.803125 0.0906250000000001 0.803125 0.0906250000000001 0.81875 0.21875000000000008 0.81875
3 0.2250000000000001 0.790625 0.08906250000000009 0.790625 0.08906250000000009 0.80625 0.2250000000000001 0.80625
1 0.21875000000000008 0.771875 0.08906250000000009 0.771875 0.08906250000000009 0.784375 0.21875000000000008 0.784375
2 0.22031250000000008 0.75625 0.08906250000000009 0.75625 0.08906250000000009 0.7703125 0.22031250000000008 0.7703125
3 0.46093750000000017 0.8234375 0.3375000000000001 0.8234375 0.3375000000000001 0.8375 0.46093750000000017 0.8375
2 0.4578125000000002 0.80625 0.33281250000000007 0.80625 0.33281250000000007 0.8171875 0.4578125000000002 0.8171875
2 0.4515625000000002 0.7890625 0.3343750000000001 0.7890625 0.3343750000000001 0.8046875 0.4515625000000002 0.8046875
1 0.46875000000000017 0.771875 0.3359375000000001 0.771875 0.3359375000000001 0.7859375 0.46875000000000017 0.7859375
0 0.4578125000000002 0.753125 0.33281250000000007 0.753125 0.33281250000000007 0.7703125 0.4578125000000002 0.7703125
1 0.6953125000000002 0.8203125 0.5671875000000002 0.8203125 0.5671875000000002 0.8375 0.6953125000000002 0.8375
3 0.7062500000000002 0.8046875 0.5671875000000002 0.8046875 0.5671875000000002 0.81875 0.7062500000000002 0.81875
1 0.7000000000000002 0.7859375 0.5671875000000002 0.7859375 0.5671875000000002 0.8 0.7000000000000002 0.8
2 0.7015625000000002 0.771875 0.5718750000000001 0.771875 0.5718750000000001 0.7890625 0.7015625000000002 0.7890625
3 0.7031250000000002 0.7515625 0.5640625000000001 0.7515625 0.5640625000000001 0.76875 0.7031250000000002 0.76875
3 0.9390625 0.8234375 0.809375 0.8234375 0.809375 0.840625 0.9390625 0.840625
2 0.9375 0.803125 0.81875 0.803125 0.81875 0.8171875 0.9375 0.8171875
2 0.940625 0.7875000000000002 0.8140625 0.7875000000000002 0.8140625 0.8 0.940625 0.8
1 0.9390625 0.7703125000000002 0.8109375 0.7703125000000002 0.8109375 0.7859375000000002 0.9390625 0.7859375000000002
3 0.9390625 0.7531250000000002 0.80625 0.7531250000000002 0.80625 0.7671875000000001 0.9390625 0.7671875000000001
3 0.9421875 0.9296875 0.8140625 0.9296875 0.8140625 0.946875 0.9421875 0.946875
2 0.9421875 0.915625 0.8140625 0.915625 0.8140625 0.9296875 0.9421875 0.9296875
1 0.9421875 0.8984375 0.809375 0.8984375 0.809375 0.9125 0.9421875 0.9125
2 0.9421875 0.88125 0.8125 0.88125 0.8125 0.896875 0.9421875 0.896875
3 0.9375 0.8625 0.8125 0.8625 0.8125 0.878125 0.9375 0.878125
3 0.7109375000000002 0.9359375 0.5765625000000002 0.9359375 0.5765625000000002 0.946875 0.7109375000000002 0.946875
2 0.7062500000000002 0.915625 0.5734375000000002 0.915625 0.5734375000000002 0.93125 0.7062500000000002 0.93125
2 0.6984375000000002 0.8984375 0.5718750000000001 0.8984375 0.5718750000000001 0.9125 0.6984375000000002 0.9125
2 0.7093750000000002 0.8828125 0.5703125000000002 0.8828125 0.5703125000000002 0.896875 0.7093750000000002 0.896875
3 0.6906250000000002 0.865625 0.5687500000000002 0.865625 0.5687500000000002 0.878125 0.6906250000000002 0.878125
1 0.47187500000000016 0.9328125 0.3312500000000001 0.9328125 0.3312500000000001 0.946875 0.47187500000000016 0.946875
3 0.46406250000000016 0.9171875 0.33281250000000007 0.9171875 0.33281250000000007 0.9296875 0.46406250000000016 0.9296875
1 0.4656250000000002 0.8984375 0.3312500000000001 0.8984375 0.3312500000000001 0.9125 0.4656250000000002 0.9125
2 0.4625000000000002 0.88125 0.3343750000000001 0.88125 0.3343750000000001 0.896875 0.4625000000000002 0.896875
3 0.45625000000000016 0.8671875 0.3359375000000001 0.8671875 0.3359375000000001 0.88125 0.45625000000000016 0.88125
2 0.21250000000000008 0.9 0.09218750000000012 0.9 0.09218750000000012 0.9109375 0.21250000000000008 0.9109375
2 0.2156250000000001 0.884375 0.08906250000000011 0.884375 0.08906250000000011 0.9 0.2156250000000001 0.9
2 0.22031250000000008 0.934375 0.09062500000000011 0.934375 0.09062500000000011 0.9453125 0.22031250000000008 0.9453125