3 0.2453125000000001 0.3796875 0.08281250000000004 0.3796875 0.08281250000000004 0.396875 0.2453125000000001 0.396875
2 0.22187500000000004 0.3609375 0.08750000000000005 0.3609375 0.08750000000000005 0.3734375 0.2218750000000001 0.3734375
3 0.2265625 0.3484375 0.08593750000000004 0.3484375 0.08593750000000004 0.3625 0.2265625 0.3625
2 0.221875 0.33125 0.09218750000000005 0.33125 0.09218750000000005 0.34375 0.221875 0.34375
1 0.2171875 0.309375 0.08437500000000005 0.309375 0.08437500000000005 0.325 0.2171875 0.325
1 0.22656250000000008 0.4890625 0.08750000000000006 0.4890625 0.08750000000000006 0.5046875 0.22656250000000008 0.5046875
4 0.2406250000000001 0.4703125 0.08593750000000007 0.4703125 0.08593750000000007 0.4921875 0.2406250000000001 0.4921875
3 0.23437500000000008 0.4578125 0.08906250000000007 0.4578125 0.08906250000000007 0.4703125 0.23437500000000008 0.4703125
2 0.23593750000000008 0.4390625 0.09843750000000004 0.4390625 0.09843750000000004 0.4515625 0.23593750000000008 0.4515625
1 0.2234375000000001 0.41875 0.08750000000000005 0.41875 0.08750000000000005 0.4375 0.2234375000000001 0.4375
4 0.2250000000000001 0.603125 0.09062500000000007 0.603125 0.09062500000000007 0.615625 0.2250000000000001 0.615625
3 0.22031250000000008 0.5859375 0.09062500000000007 0.5859375 0.09062500000000007 0.6 0.22031250000000008 0.6
4 0.2296875000000001 0.56875 0.08593750000000007 0.56875 0.08593750000000007 0.584375 0.2296875000000001 0.584375
3 0.2156250000000001 0.5515625 0.08906250000000007 0.5515625 0.08906250000000007 0.5640625 0.2156250000000001 0.5640625
2 0.2218750000000001 0.5296875 0.08906250000000007 0.5296875 0.08906250000000007 0.5453125 0.2218750000000001 0.5453125
0 0.22656250000000008 0.7109375 0.0906250000000001 0.7109375 0.0906250000000001 0.728125 0.22656250000000008 0.728125
3 0.21875000000000008 0.6953125 0.09218750000000009 0.6953125 0.09218750000000009 0.7109375 0.21875000000000008 0.7109375
2 0.2171875000000001 0.6796875 0.08593750000000008 0.6796875 0.08593750000000008 0.69375 0.2171875000000001 0.69375
3 0.2156250000000001 0.6625 0.0906250000000001 0.6625 0.0906250000000001 0.6765625 0.2156250000000001 0.6765625
2 0.21875000000000008 0.640625 0.08593750000000008 0.640625 0.08593750000000008 0.6578125 0.21875000000000008 0.6578125
2 0.22031250000000008 0.8234375 0.08906250000000011 0.8234375 0.08906250000000011 0.8390625 0.22031250000000008 0.8390625
3 0.22031250000000008 0.80625 0.09375000000000008 0.80625 0.0937500000000001 0.8203125 0.22031250000000008 0.8203125
2 0.22031250000000008 0.7890625 0.09531250000000009 0.7890625 0.09531250000000009 0.803125 0.22031250000000008 0.803125
4 0.2156250000000001 0.771875 0.09531250000000009 0.771875 0.09531250000000009 0.7875 0.2156250000000001 0.7875
1 0.2140625000000001 0.75625 0.09375000000000008 0.75625 0.09375000000000008 0.7671875 0.2140625000000001 0.7671875
3 0.2156250000000001 0.934375 0.09375000000000011 0.934375 0.09375000000000011 0.946875 0.2156250000000001 0.946875
1 0.2156250000000001 0.9171875 0.09375000000000011 0.9171875 0.09375000000000011 0.9296875 0.2156250000000001 0.9296875
3 0.22812500000000008 0.8984375 0.09218750000000012 0.8984375 0.09218750000000012 0.915625 0.22812500000000008 0.915625
2 0.2171875000000001 0.884375 0.08593750000000011 0.884375 0.08593750000000011 0.8953125 0.2171875000000001 0.8953125
0 0.21875000000000008 0.865625 0.09062500000000011 0.865625 0.09062500000000011 0.8796875 0.21875000000000008 0.8796875
2 0.46093750000000017 0.934375 0.3359375000000001 0.934375 0.3359375000000001 0.9484375 0.46093750000000017 0.9484375
1 0.4578125000000002 0.9171875 0.3343750000000001 0.9171875 0.3343750000000001 0.93125 0.4578125000000002 0.93125
2 0.45625000000000016 0.8984375 0.33281250000000007 0.8984375 0.33281250000000007 0.9140625 0.45625000000000016 0.9140625
1 0.4546875000000002 0.8828125 0.3312500000000001 0.8828125 0.3312500000000001 0.8984375 0.4546875000000002 0.8984375
2 0.45625000000000016 0.8640625 0.3312500000000001 0.8640625 0.3312500000000001 0.8796875 0.45625000000000016 0.8796875
2 0.45625000000000016 0.821875 0.3343750000000001 0.821875 0.3343750000000001 0.8375 0.45625000000000016 0.8375
3 0.4546875000000002 0.80625 0.3343750000000001 0.80625 0.3343750000000001 0.81875 0.4546875000000002 0.81875
2 0.46406250000000016 0.7875 0.33281250000000007 0.7875 0.33281250000000007 0.8015625 0.46406250000000016 0.8015625
4 0.45625000000000016 0.7703125 0.3343750000000001 0.7703125 0.3343750000000001 0.784375 0.45625000000000016 0.784375
1 0.4500000000000002 0.753125 0.3312500000000001 0.753125 0.3312500000000001 0.765625 0.4500000000000002 0.765625
2 0.4546875000000001 0.7125 0.3312500000000001 0.7125 0.3312500000000001 0.7265625 0.4546875000000002 0.7265625
3 0.465625 0.69375 0.3281250000000001 0.69375 0.3281250000000001 0.7078125 0.465625 0.7078125
2 0.459375 0.678125 0.3312500000000001 0.678125 0.3312500000000001 0.690625 0.459375 0.690625
4 0.465625 0.659375 0.3312500000000001 0.659375 0.3312500000000001 0.6734375 0.465625 0.6734375
2 0.459375 0.6421875 0.3359375000000001 0.6421875 0.3359375000000001 0.65625 0.459375 0.65625
1 0.453125 0.6015625 0.3312500000000001 0.6015625 0.3312500000000001 0.615625 0.453125 0.615625
3 0.4609375 0.5828125 0.3296875000000001 0.5828125 0.3296875000000001 0.596875 0.4609375 0.596875
1 0.4625 0.5671875 0.33281250000000007 0.5671875 0.33281250000000007 0.578125 0.4625 0.578125
4 0.459375 0.5484375 0.3296875000000001 0.5484375 0.3296875000000001 0.5625 0.459375 0.5625
2 0.4546875 0.53125 0.3265625000000001 0.53125 0.3265625000000001 0.5453125 0.4546875 0.5453125
1 0.4546875 0.490625 0.3312500000000001 0.490625 0.3312500000000001 0.5015625 0.4546875 0.5015625
1 0.4546875 0.45625 0.33281250000000007 0.45625 0.33281250000000007 0.4703125 0.4546875 0.4703125
0 0.4625 0.421875 0.3281250000000001 0.421875 0.3281250000000001 0.434375 0.4625 0.434375
2 0.459375 0.37812500000000004 0.3218750000000001 0.378125 0.3218750000000001 0.39375000000000004 0.459375 0.3937500000000001
3 0.4640625 0.3453125 0.3359375 0.3453125 0.3359375 0.35937500000000006 0.4640625 0.3593750000000001
4 0.465625 0.32656250000000003 0.328125 0.3265625 0.328125 0.34062500000000007 0.465625 0.34062500000000007
1 0.459375 0.31093750000000003 0.328125 0.3109375 0.328125 0.321875 0.459375 0.3218750000000001
1 0.709375 0.3125000000000001 0.571875 0.3125000000000001 0.571875 0.3265625000000001 0.709375 0.3265625000000001
2 0.7 0.3453125000000001 0.5703125 0.3453125000000001 0.5703125 0.3625000000000001 0.7 0.3625000000000001
2 0.7015625 0.3781250000000001 0.571875 0.3781250000000001 0.571875 0.3937500000000001 0.7015625 0.3937500000000001
1 0.6921875 0.4546875 0.5734375 0.4546875 0.5734375 0.471875 0.6921875 0.471875
3 0.69375 0.4390625 0.575 0.4390625 0.575 0.4515625 0.69375 0.4515625
1 0.6921875 0.4921875 0.571875 0.4921875 0.571875 0.5015625 0.6921875 0.5015625
4 0.7046875 0.6 0.5734375 0.6 0.5734375 0.6125 0.7046875 0.6125
4 0.7015625 0.584375 0.575 0.584375 0.575 0.5984375 0.7015625 0.5984375
1 0.7046875 0.5671875 0.5703125 0.5671875 0.5703125 0.5828125 0.7046875 0.5828125
3 0.69375 0.5515625 0.571875 0.5515625 0.571875 0.5625 0.69375 0.5625
2 0.709375 0.7109375 0.575 0.7109375 0.575 0.7234375 0.709375 0.7234375
3 0.696875 0.6953125 0.5765625 0.6953125 0.5765625 0.7078125 0.696875 0.7078125
2 0.7015625 0.678125 0.5765625 0.678125 0.5765625 0.6953125 0.7015625 0.6953125
3 0.7078125000000002 0.7875 0.5734375000000002 0.7875 0.5734375000000002 0.8015625 0.7078125000000002 0.8015625
2 0.7062500000000002 0.76875 0.5750000000000002 0.76875 0.5750000000000002 0.7859375 0.7062500000000002 0.7859375
1 0.7031250000000002 0.753125 0.5703125000000002 0.753125 0.5703125000000002 0.76875 0.7031250000000002 0.76875
2 0.7015625000000002 0.821875 0.5718750000000001 0.821875 0.5718750000000001 0.8421875 0.7015625000000002 0.8421875
2 0.6968750000000001 0.80625 0.5781250000000002 0.80625 0.5781250000000002 0.81875 0.6968750000000001 0.81875
3 0.7078125000000002 0.93125 0.5718750000000001 0.93125 0.5718750000000001 0.9484375 0.7078125000000002 0.9484375
2 0.7093750000000002 0.915625 0.5734375000000002 0.915625 0.5734375000000002 0.9296875 0.7093750000000002 0.9296875
2 0.7000000000000002 0.9 0.5671875000000002 0.9 0.5671875000000002 0.9140625 0.7000000000000002 0.9140625
3 0.7031250000000002 0.8796875 0.5718750000000001 0.8796875 0.5718750000000001 0.8984375 0.7031250000000002 0.8984375
2 0.7031250000000002 0.8625 0.5671875000000002 0.8625 0.5671875000000002 0.88125 0.7031250000000002 0.88125
0 0.9421875 0.9328125 0.815625 0.9328125 0.815625 0.9484375 0.9421875 0.9484375
2 0.9375 0.9171875 0.81875 0.9171875 0.81875 0.9296875 0.9375 0.9296875
1 0.94375 0.9 0.809375 0.9 0.809375 0.9171875 0.94375 0.9171875
2 0.9390625 0.884375 0.815625 0.884375 0.815625 0.896875 0.9390625 0.896875
2 0.9375 0.8234375 0.81875 0.8234375 0.81875 0.8375 0.9375 0.8375
3 0.9390625 0.803125 0.8203125 0.803125 0.8203125 0.81875 0.9390625 0.81875
1 0.940625 0.7875000000000002 0.81875 0.7875000000000002 0.81875 0.7984375000000001 0.940625 0.7984375000000001
2 0.94375 0.7718750000000002 0.8109375 0.7718750000000002 0.8109375 0.7875000000000002 0.94375 0.7875000000000002
1 0.9328125 0.7531250000000002 0.8125 0.7531250000000002 0.8125 0.7687500000000002 0.9328125 0.7687500000000002
3 0.928125 0.7093750000000002 0.8109375 0.7093750000000002 0.8109375 0.7250000000000002 0.928125 0.7250000000000002
2 0.94375 0.6937500000000002 0.8078125 0.6937500000000002 0.8078125 0.7046875000000001 0.94375 0.7046875000000001
2 0.940625 0.6609375000000002 0.8125 0.6609375000000002 0.8125 0.6734375000000001 0.940625 0.6734375000000001
4 0.940625 0.6421875000000001 0.8171875 0.6421875000000001 0.8171875 0.6578125000000001 0.940625 0.6578125000000001
3 0.703125 0.6609375 0.5703125 0.6609375 0.5703125 0.675 0.703125 0.675
0 0.9421875 0.5984375000000002 0.8125 0.5984375000000002 0.8125 0.6187500000000001 0.9421875 0.6187500000000001
3 0.94375 0.5843750000000002 0.8125 0.5843750000000002 0.8125 0.6000000000000002 0.94375 0.6000000000000002
1 0.9421875 0.5656250000000002 0.8140625 0.5656250000000002 0.8140625 0.5812500000000002 0.9421875 0.5812500000000002
2 0.9390625 0.5500000000000002 0.8125 0.5500000000000002 0.8125 0.5640625000000001 0.9390625 0.5640625000000001
3 0.940625 0.5296875000000002 0.8140625 0.5296875000000002 0.8140625 0.5484375000000001 0.940625 0.5484375000000001
3 0.9453125 0.4906250000000002 0.81875 0.4906250000000002 0.81875 0.5093750000000001 0.9453125 0.5093750000000001
1 0.9390625 0.4703125000000002 0.8109375 0.4703125000000002 0.8109375 0.4859375000000002 0.9390625 0.4859375000000002
1 0.940625 0.4546875000000002 0.815625 0.4546875000000002 0.815625 0.4671875000000002 0.940625 0.4671875000000002
2 0.9359375 0.43750000000000017 0.8140625 0.43750000000000017 0.8140625 0.4500000000000002 0.9359375 0.4500000000000002
1 0.93125 0.4203125000000002 0.8171875 0.4203125000000002 0.8171875 0.4343750000000002 0.93125 0.4343750000000002
1 0.7046875 0.4203125 0.56875 0.4203125 0.56875 0.434375 0.7046875 0.434375
0 0.9375 0.3781250000000001 0.8125 0.3781250000000001 0.8125 0.3937500000000001 0.9375 0.3937500000000001
4 0.9390625 0.3593750000000001 0.815625 0.3593750000000001 0.815625 0.3750000000000001 0.9390625 0.3750000000000001
2 0.9375 0.3453125000000001 0.8140625 0.3453125000000001 0.8140625 0.35625000000000007 0.9375 0.35625000000000007
3 0.9421875 0.3265625000000001 0.8140625 0.3265625000000001 0.8140625 0.34062500000000007 0.9421875 0.34062500000000007
1 0.9359375 0.3078125000000001 0.8109375 0.3078125000000001 0.8109375 0.3234375000000001 0.9359375 0.3234375000000001